3528.8728	[0, 1, 0, 0, 1]	0	0	0	Z
3528.9616	[0, 0, 1, 0, 1]	0	0	0	Z
3529.0648	[0, 1, 0, 0, 1]	0	0	0	Z
3529.1562	[1, 0, 0, 1, 1]	0	0	0	Z
3529.2599	[0, 0, 1, 0, 1]	0	0	0	Z
3529.3648	[0, 1, 1, 0, 1]	0	0	0	Z
3529.4865	[0, 1, 0, 0, 1]	0	0	0	Z
3529.5725	[0, 0, 0, 0, 0]	0	0	0	Z
3529.6610	[0, 1, 0, 0, 1]	0	0	0	Z
3529.7791	[0, 1, 0, 1, 1]	0	0	0	Z
3529.8672	[0, 1, 0, 0, 1]	0	0	0	Z
3529.9762	[0, 0, 1, 0, 1]	0	0	0	Z
3530.0626	[1, 0, 0, 0, 1]	0	0	0	Z
3530.1832	[1, 0, 1, 0, 1]	0	0	0	Z
3530.2699	[0, 1, 0, 0, 0]	0	0	0	Z
3530.3770	[1, 0, 0, 1, 0]	0	0	0	Z
3530.4822	[0, 0, 0, 1, 1]	0	0	0	Z
3530.5690	[0, 1, 1, 0, 0]	0	0	0	Z
3530.6610	[0, 0, 0, 0, 1]	0	0	0	Z
3530.7728	[1, 0, 0, 1, 1]	0	0	0	Z
3530.8619	[0, 0, 0, 0, 1]	0	0	0	Z
3530.9624	[0, 0, 0, 1, 0]	0	0	0	Z
3531.0644	[1, 0, 0, 0, 0]	0	0	0	Z
3531.1696	[1, 0, 0, 0, 0]	0	0	0	Z
3531.2819	[0, 0, 0, 1, 1]	0	0	0	Z
3531.3570	[0, 1, 0, 0, 1]	0	0	0	Z
3531.4573	[0, 0, 0, 0, 0]	0	0	0	Z
3531.5665	[1, 0, 1, 0, 1]	0	0	0	Z
3531.6628	[1, 0, 0, 1, 1]	0	0	0	I
3531.7761	[0, 1, 0, 0, 1]	0	0	0	I
3531.8935	[1, 0, 0, 1, 0]	0	0	0	I
3531.9660	[1, 0, 0, 1, 0]	0	0	0	I
3532.0979	[1, 0, 1, 0, 0]	0	0	0	I
3532.1668	[0, 1, 0, 1, 0]	0	0	0	I
3532.2816	[0, 0, 0, 1, 0]	0	0	0	I
3532.3626	[0, 1, 1, 0, 0]	0	0	0	I
3532.4682	[0, 1, 0, 1, 1]	0	0	0	I
3532.5584	[1, 0, 0, 1, 1]	0	0	0	I
3532.6642	[0, 0, 0, 1, 0]	0	0	0	I
3532.7769	[0, 0, 1, 0, 1]	0	0	0	I
3532.8601	[0, 0, 0, 1, 0]	0	0	0	I
3532.9766	[1, 0, 1, 0, 1]	0	0	0	I
3533.0892	[0, 0, 0, 1, 0]	0	0	0	I
3533.1714	[0, 0, 0, 0, 0]	0	0	0	I
3533.2760	[0, 1, 1, 0, 0]	0	0	0	I
3533.3664	[0, 0, 0, 1, 0]	0	0	0	I
3533.4780	[0, 0, 0, 0, 0]	0	0	0	I
3533.5692	[0, 0, 0, 1, 1]	0	0	0	I
3533.6671	[1, 0, 0, 0, 0]	0	0	0	I
3533.7784	[0, 1, 0, 1, 0]	0	0	0	I
3533.8595	[1, 0, 0, 1, 0]	0	0	0	I
3533.9755	[0, 1, 0, 1, 0]	0	0	0	I
3534.0717	[1, 0, 1, 0, 0]	0	0	0	I
3534.1689	[0, 0, 0, 0, 1]	0	0	0	I
3534.2590	[1, 0, 0, 1, 1]	0	0	0	I
3534.3558	[0, 0, 0, 1, 0]	0	0	0	I
3534.4824	[0, 0, 0, 1, 0]	0	0	0	I
3534.5612	[0, 1, 0, 0, 0]	0	0	0	I
3534.6987	[1, 0, 0, 1, 1]	0	0	0	I
3534.7639	[0, 1, 0, 1, 1]	0	0	0	I
3534.8792	[0, 0, 0, 0, 0]	0	0	0	I
3534.9741	[0, 0, 0, 0, 1]	0	0	0	I
3535.0604	[1, 0, 1, 0, 0]	0	0	0	I
3535.1714	[0, 0, 0, 0, 1]	0	0	0	I
3535.2830	[0, 0, 1, 0, 0]	0	0	0	I
3535.3617	[0, 0, 0, 1, 1]	0	0	0	I
3535.4911	[1, 0, 0, 1, 1]	0	0	0	I
3535.5825	[0, 0, 0, 0, 1]	0	0	0	I
3535.6784	[0, 1, 1, 0, 0]	0	0	0	I
3535.7664	[1, 0, 1, 0, 0]	0	0	0	I
3535.8609	[1, 0, 0, 0, 1]	0	0	0	I
3535.9814	[0, 0, 0, 0, 0]	0	0	0	I
3536.0767	[0, 1, 1, 0, 0]	0	0	0	I
3536.1866	[1, 0, 0, 0, 0]	0	0	0	I
3536.2856	[0, 1, 0, 0, 1]	0	0	0	I
3536.3551	[0, 1, 0, 0, 1]	0	0	0	I
3536.4639	[1, 0, 1, 0, 0]	0	0	0	I
3536.5689	[1, 0, 0, 0, 0]	0	0	0	I
3536.6607	[0, 0, 0, 0, 0]	0	0	0	I
3536.7784	[0, 1, 0, 0, 1]	0	0	0	I
3536.8632	[0, 0, 0, 1, 1]	0	0	0	I
3536.9581	[0, 1, 0, 1, 0]	0	0	0	I
3537.0866	[0, 0, 1, 0, 1]	0	0	0	I
3537.1594	[1, 0, 0, 0, 1]	0	0	0	I
3537.3085	[0, 0, 1, 0, 1]	0	0	0	I
3537.3649	[0, 0, 0, 0, 1]	0	0	0	T
3537.4639	[0, 1, 0, 0, 0]	0	0	0	T
3537.5675	[0, 0, 0, 1, 1]	0	0	0	T
3537.6642	[0, 1, 0, 0, 1]	0	0	0	T
3537.7829	[0, 0, 1, 0, 0]	0	0	0	T
3537.8760	[0, 0, 1, 0, 0]	0	0	0	T
3537.9750	[1, 0, 0, 1, 1]	0	0	0	T
3538.0615	[0, 0, 0, 1, 1]	0	0	0	T
3538.1679	[0, 1, 1, 0, 0]	0	0	0	T
3538.2762	[0, 0, 0, 1, 1]	0	0	0	T
3538.3663	[0, 1, 0, 1, 1]	0	0	0	T
3538.4720	[0, 1, 0, 0, 1]	0	0	0	T
3538.5845	[1, 0, 1, 0, 1]	0	0	0	T
3538.6639	[0, 1, 0, 0, 1]	0	0	0	T
3538.7783	[0, 1, 1, 0, 0]	0	0	0	T
3538.8663	[0, 0, 0, 1, 0]	0	0	0	T
3538.9781	[0, 0, 1, 0, 1]	0	0	0	T
3539.0649	[0, 1, 0, 1, 1]	0	0	0	T
3539.1801	[0, 1, 0, 0, 0]	0	0	0	T
3539.2626	[0, 1, 0, 0, 1]	0	0	0	T
3539.3851	[1, 0, 0, 1, 1]	0	0	0	T
3539.4818	[0, 0, 0, 1, 1]	0	0	0	T
3539.5728	[1, 0, 0, 1, 0]	0	0	0	T
3539.6865	[0, 1, 0, 0, 1]	0	0	0	T
3539.7586	[0, 1, 0, 1, 0]	0	0	0	T
3539.8884	[1, 0, 1, 0, 1]	0	0	0	T
3539.9742	[1, 0, 0, 1, 0]	0	0	0	T
3540.0713	[0, 1, 1, 0, 1]	0	0	0	T
3540.1819	[0, 0, 1, 0, 0]	0	0	0	T
3540.2625	[1, 0, 0, 0, 0]	0	0	0	T
3540.3751	[1, 0, 0, 1, 1]	0	0	0	T
3540.4773	[0, 0, 1, 0, 0]	0	0	0	T
3540.5781	[0, 1, 1, 0, 0]	0	0	0	T
3540.6734	[0, 1, 0, 0, 0]	0	0	0	T
3540.7673	[1, 0, 0, 0, 0]	0	0	0	T
3540.8579	[1, 0, 0, 1, 0]	0	0	0	T
3540.9754	[0, 1, 1, 0, 0]	0	0	0	T
3541.0643	[1, 0, 0, 0, 0]	0	0	0	T
3541.1581	[0, 1, 0, 0, 0]	0	0	0	T
3541.2600	[0, 0, 0, 0, 0]	0	0	0	T
3541.3625	[1, 0, 0, 0, 0]	0	0	0	T
3541.4803	[0, 1, 0, 1, 0]	0	0	0	T
3541.5734	[0, 0, 1, 0, 1]	0	0	0	T
3541.6778	[0, 1, 0, 0, 1]	0	0	0	T
3541.7840	[0, 0, 1, 0, 0]	0	0	0	T
3541.8688	[0, 0, 0, 1, 0]	0	0	0	T
3541.9723	[1, 0, 0, 0, 1]	0	0	0	T
3542.0821	[1, 0, 1, 0, 1]	0	0	0	T
3542.1780	[0, 1, 0, 1, 1]	0	0	0	T
3542.2651	[0, 0, 0, 0, 1]	0	0	0	I
3542.3784	[0, 1, 0, 1, 1]	0	0	0	I
3542.4729	[1, 0, 1, 0, 0]	0	0	0	I
3542.5617	[0, 0, 0, 0, 0]	0	0	0	I
3542.6745	[0, 1, 0, 1, 1]	0	0	0	I
3542.7621	[0, 1, 0, 0, 1]	0	0	0	I
3542.8750	[0, 0, 1, 0, 1]	0	0	0	I
3542.9730	[0, 0, 1, 0, 0]	0	0	0	I
3543.0690	[0, 0, 0, 1, 0]	0	0	0	I
3543.1734	[0, 1, 0, 0, 1]	0	0	0	I
3543.2770	[0, 1, 0, 1, 0]	0	0	0	I
3543.3782	[0, 1, 0, 1, 0]	0	0	0	I
3543.4646	[0, 1, 1, 0, 1]	0	0	0	I
3543.5598	[0, 1, 1, 0, 1]	0	0	0	I
3543.6858	[0, 1, 0, 1, 1]	0	0	0	I
3543.7917	[0, 0, 0, 0, 1]	0	0	0	I
3543.8939	[0, 1, 0, 1, 0]	0	0	0	I
3543.9616	[1, 0, 0, 1, 1]	0	0	0	I
3544.0634	[1, 0, 0, 1, 1]	0	0	0	I
3544.1665	[0, 0, 1, 0, 0]	0	0	0	I
3544.2557	[1, 0, 0, 1, 0]	0	0	0	I
3544.3762	[1, 0, 0, 1, 1]	0	0	0	I
3544.4931	[0, 0, 0, 1, 1]	0	0	0	I
3544.5597	[0, 1, 1, 0, 0]	0	0	0	I
3544.6898	[0, 0, 1, 0, 1]	0	0	0	I
3544.7675	[0, 0, 0, 1, 0]	0	0	0	I
3544.8632	[1, 0, 1, 0, 0]	0	0	0	I
3544.9985	[0, 0, 0, 0, 0]	0	0	0	I
3545.0575	[1, 0, 0, 1, 0]	0	0	0	I
3545.1779	[0, 0, 0, 1, 1]	0	0	0	I
3545.2649	[1, 0, 0, 1, 1]	0	0	0	I
3545.3575	[0, 1, 1, 0, 0]	0	0	0	I
3545.4780	[0, 1, 0, 1, 1]	0	0	0	I
3545.5697	[1, 0, 1, 0, 1]	0	0	0	I
3545.6832	[1, 0, 0, 1, 1]	0	0	0	I
3545.7673	[0, 1, 1, 0, 0]	0	0	0	I
3545.8637	[0, 0, 1, 0, 1]	0	0	0	I
3545.9772	[0, 1, 0, 1, 0]	0	0	0	I
3546.0884	[1, 0, 0, 0, 0]	0	0	0	I
3546.1850	[1, 0, 1, 0, 0]	0	0	0	I
3546.2715	[1, 0, 0, 0, 1]	0	0	0	I
3546.3892	[1, 0, 1, 0, 0]	0	0	0	I
3546.4646	[0, 1, 0, 1, 0]	0	0	0	I
3546.5609	[0, 0, 0, 1, 1]	0	0	0	S
3546.6933	[1, 0, 1, 0, 1]	0	0	0	S
3546.7717	[0, 1, 1, 0, 0]	0	0	0	S
3546.8889	[0, 1, 1, 0, 0]	0	0	0	S
3546.9663	[0, 0, 0, 1, 0]	0	0	0	S
3547.0854	[0, 0, 0, 0, 0]	0	0	0	S
3547.1711	[1, 0, 1, 0, 1]	0	0	0	S
3547.2736	[1, 0, 0, 0, 1]	0	0	0	S
3547.3845	[0, 0, 1, 0, 0]	0	0	0	S
3547.4783	[0, 1, 0, 0, 0]	0	0	0	S
3547.5666	[0, 1, 0, 1, 0]	0	0	0	S
3547.6814	[0, 0, 1, 0, 0]	0	0	0	S
3547.7656	[0, 0, 0, 1, 1]	0	0	0	S
3547.8748	[0, 1, 0, 1, 1]	0	0	0	S
3547.9680	[0, 0, 1, 0, 0]	0	0	0	S
3548.0805	[1, 0, 0, 1, 1]	0	0	0	S
3548.1815	[0, 0, 0, 1, 0]	0	0	0	S
3548.2781	[1, 0, 0, 1, 1]	0	0	0	S
3548.3624	[0, 1, 0, 0, 1]	0	0	0	S
3548.4739	[1, 0, 0, 0, 1]	0	0	0	S
3548.5749	[0, 1, 0, 1, 1]	0	0	0	S
3548.6635	[1, 0, 1, 0, 0]	0	0	0	S
3548.7919	[1, 0, 1, 0, 1]	0	0	0	S
3548.9013	[1, 0, 1, 0, 1]	0	0	0	S
3548.9704	[1, 0, 0, 0, 0]	0	0	0	S
3549.0779	[1, 0, 1, 0, 1]	0	0	0	S
3549.1665	[0, 1, 0, 1, 1]	0	0	0	S
3549.2640	[0, 1, 0, 1, 0]	0	0	0	S
3549.3736	[1, 0, 1, 0, 0]	0	0	0	S
3549.4575	[0, 0, 1, 0, 0]	0	0	0	S
3549.5601	[1, 0, 0, 1, 1]	0	0	0	S
3549.6675	[0, 0, 0, 0, 1]	0	0	0	S
3549.7661	[0, 1, 1, 0, 0]	0	0	0	S
3549.8699	[0, 1, 1, 0, 1]	0	0	0	S
3549.9557	[0, 1, 0, 1, 1]	0	0	0	S
3550.0951	[0, 1, 1, 0, 1]	0	0	0	S
3550.1802	[0, 0, 0, 1, 0]	0	0	0	S
3550.2626	[1, 0, 1, 0, 0]	0	0	0	S
3550.3621	[0, 1, 0, 1, 0]	0	0	0	S
3550.4638	[0, 0, 0, 1, 1]	0	0	0	S
3550.5901	[1, 0, 0, 1, 1]	0	0	0	T
3550.6802	[1, 0, 0, 1, 1]	0	0	0	T
3550.7626	[0, 1, 0, 0, 1]	0	0	0	T
3550.8848	[1, 0, 0, 1, 1]	0	0	0	T
3550.9649	[0, 0, 1, 0, 0]	0	0	0	T
3551.0854	[0, 0, 0, 0, 1]	0	0	0	T
3551.1582	[0, 1, 0, 0, 1]	0	0	0	T
3551.2784	[0, 1, 1, 0, 0]	0	0	0	T
3551.3781	[1, 0, 0, 1, 1]	0	0	0	T
3551.4591	[1, 0, 0, 1, 1]	0	0	0	T
3551.6020	[0, 0, 0, 1, 0]	0	0	0	T
3551.6614	[1, 0, 1, 0, 1]	0	0	0	T
3551.7767	[1, 0, 0, 1, 0]	0	0	0	T
3551.8565	[1, 0, 0, 1, 0]	0	0	0	T
3551.9713	[0, 0, 1, 0, 0]	0	0	0	T
3552.0815	[1, 0, 0, 1, 0]	0	0	0	T
3552.1594	[0, 0, 1, 0, 0]	0	0	0	T
3552.3035	[1, 0, 1, 0, 1]	0	0	0	T
3552.3604	[0, 0, 0, 1, 1]	0	0	0	T
3552.4673	[0, 1, 0, 0, 1]	0	0	0	T
3552.5742	[1, 0, 0, 1, 0]	0	0	0	T
3552.6741	[0, 0, 0, 1, 0]	0	0	0	T
3552.7862	[0, 0, 1, 0, 1]	0	0	0	T
3552.8644	[0, 1, 0, 1, 1]	0	0	0	T
3552.9800	[0, 1, 0, 1, 0]	0	0	0	T
3553.0835	[0, 1, 1, 0, 1]	0	0	0	T
3553.1751	[0, 0, 0, 1, 0]	0	0	0	T
3553.2573	[0, 0, 1, 0, 0]	0	0	0	T
3553.3632	[1, 0, 0, 1, 0]	0	0	0	T
3553.4599	[0, 1, 1, 0, 0]	0	0	0	T
3553.5844	[0, 1, 1, 0, 1]	0	0	0	T
3553.6684	[0, 0, 1, 0, 1]	0	0	0	T
3553.7849	[1, 0, 1, 0, 1]	0	0	0	T
3553.8614	[0, 1, 0, 0, 1]	0	0	0	T
3553.9657	[0, 1, 0, 1, 1]	0	0	0	T
3554.0879	[0, 1, 1, 0, 0]	0	0	0	T
3554.1594	[0, 0, 0, 1, 1]	0	0	0	T
3554.2816	[1, 0, 0, 0, 0]	0	0	0	T
3554.3794	[0, 0, 0, 1, 1]	0	0	0	O
3554.4732	[1, 0, 0, 0, 1]	0	0	0	O
3554.5811	[0, 0, 1, 0, 0]	0	0	0	O
3554.6779	[0, 1, 1, 0, 1]	0	0	0	O
3554.7782	[0, 0, 0, 1, 0]	0	0	0	O
3554.8678	[0, 1, 0, 0, 0]	0	0	0	O
3554.9621	[0, 0, 0, 0, 1]	0	0	0	O
3555.0790	[0, 0, 1, 0, 1]	0	0	0	O
3555.1597	[0, 0, 1, 0, 1]	0	0	0	O
3555.2859	[0, 1, 1, 0, 0]	0	0	0	O
3555.3579	[0, 0, 0, 1, 0]	0	0	0	O
3555.4672	[1, 0, 0, 1, 1]	0	0	0	O
3555.5746	[0, 0, 1, 0, 1]	0	0	0	O
3555.6672	[1, 0, 1, 0, 1]	0	0	0	O
3555.7707	[0, 0, 0, 1, 0]	0	0	0	O
3555.8637	[0, 1, 0, 0, 1]	0	0	0	O
3555.9869	[0, 1, 1, 0, 0]	0	0	0	O
3556.0803	[1, 0, 0, 0, 0]	0	0	0	O
3556.1558	[0, 0, 1, 0, 0]	0	0	0	O
3556.2808	[0, 0, 1, 0, 1]	0	0	0	O
3556.3656	[1, 0, 0, 0, 1]	0	0	0	O
3556.4655	[0, 0, 0, 1, 1]	0	0	0	O
3556.5608	[0, 0, 0, 1, 1]	0	0	0	O
3556.6744	[0, 0, 0, 1, 1]	0	0	0	O
3556.7665	[0, 0, 1, 0, 1]	0	0	0	O
3556.8902	[1, 0, 0, 0, 1]	0	0	0	O
3556.9621	[0, 1, 1, 0, 1]	0	0	0	O
3557.0679	[0, 1, 1, 0, 0]	0	0	0	O
3557.1669	[0, 0, 0, 1, 1]	0	0	0	O
3557.2775	[0, 0, 1, 0, 1]	0	0	0	O
3557.3696	[0, 1, 1, 0, 1]	0	0	0	O
3557.4652	[0, 1, 0, 0, 0]	0	0	0	J
3557.5840	[0, 1, 1, 0, 0]	0	0	0	J
3557.6717	[0, 0, 1, 0, 0]	0	0	0	J
3557.7565	[0, 0, 1, 0, 1]	0	0	0	J
3557.8579	[1, 0, 0, 0, 1]	0	0	0	J
3557.9746	[0, 0, 1, 0, 0]	0	0	0	J
3558.0817	[0, 1, 0, 1, 0]	0	0	0	J
3558.1658	[0, 0, 1, 0, 0]	0	0	0	J
3558.2987	[1, 0, 0, 0, 0]	0	0	0	J
3558.3746	[1, 0, 0, 1, 1]	0	0	0	J
3558.4643	[1, 0, 1, 0, 1]	0	0	0	J
3558.5782	[0, 0, 0, 0, 0]	0	0	0	J
3558.6722	[0, 1, 0, 0, 0]	0	0	0	J
3558.7908	[1, 0, 1, 0, 0]	0	0	0	J
3558.8748	[0, 0, 0, 1, 0]	0	0	0	J
3558.9720	[0, 1, 0, 0, 1]	0	0	0	J
3559.0606	[0, 1, 0, 0, 0]	0	0	0	J
3559.1843	[1, 0, 0, 1, 0]	0	0	0	J
3559.2785	[0, 0, 0, 1, 0]	0	0	0	J
3559.3750	[1, 0, 1, 0, 0]	0	0	0	J
3559.4647	[0, 0, 0, 1, 0]	0	0	0	J
3559.5578	[1, 0, 0, 0, 1]	0	0	0	J
3559.6780	[1, 0, 0, 1, 1]	0	0	0	J
3559.7800	[0, 0, 1, 0, 1]	0	0	0	J
3559.8609	[0, 1, 0, 1, 1]	0	0	0	J
3559.9703	[0, 0, 0, 0, 0]	0	0	0	J
3560.0844	[1, 0, 1, 0, 1]	0	0	0	J
3560.1655	[1, 0, 0, 0, 1]	0	0	0	J
3560.2731	[0, 1, 0, 0, 1]	0	0	0	J
3560.3700	[0, 1, 0, 1, 0]	0	0	0	J
3560.4635	[1, 0, 0, 0, 0]	0	0	0	J
3560.5886	[1, 0, 0, 0, 1]	0	0	0	J
3560.6786	[0, 0, 1, 0, 0]	0	0	0	J
3560.7768	[0, 0, 0, 1, 1]	0	0	0	J
3560.8712	[0, 0, 0, 1, 0]	0	0	0	J
3560.9790	[0, 0, 1, 0, 1]	0	0	0	J
3561.0800	[0, 1, 1, 0, 0]	0	0	0	J
3561.1909	[0, 0, 0, 1, 1]	0	0	0	J
3561.2775	[1, 0, 0, 0, 1]	0	0	0	J
3561.3623	[0, 1, 1, 0, 1]	0	0	0	J
3561.4615	[0, 0, 0, 0, 0]	0	0	0	J
3561.5854	[1, 0, 0, 1, 0]	0	0	0	O
3561.6626	[0, 1, 0, 1, 0]	0	0	0	O
3561.7926	[0, 0, 0, 1, 0]	0	0	0	O
3561.8688	[1, 0, 1, 0, 1]	0	0	0	O
3561.9764	[1, 0, 1, 0, 1]	0	0	0	O
3562.0881	[0, 0, 0, 0, 1]	0	0	0	O
3562.1733	[0, 0, 0, 0, 1]	0	0	0	O
3562.2788	[0, 0, 0, 0, 0]	0	0	0	O
3562.3588	[0, 0, 0, 0, 1]	0	0	0	O
3562.4830	[1, 0, 0, 1, 1]	0	0	0	O
3562.5652	[0, 0, 0, 0, 1]	0	0	0	O
3562.6763	[0, 1, 0, 1, 1]	0	0	0	O
3562.7852	[0, 0, 1, 0, 1]	0	0	0	O
3562.8745	[0, 0, 0, 0, 0]	0	0	0	O
3562.9649	[0, 0, 0, 0, 0]	0	0	0	O
3563.0784	[1, 0, 0, 0, 1]	0	0	0	O
3563.1656	[0, 0, 0, 1, 0]	0	0	0	O
3563.2686	[0, 1, 0, 1, 1]	0	0	0	O
3563.3608	[0, 1, 0, 1, 0]	0	0	0	O
3563.4576	[0, 1, 1, 0, 1]	0	0	0	O
3563.5897	[0, 0, 1, 0, 1]	0	0	0	O
3563.6607	[0, 0, 1, 0, 0]	0	0	0	O
3563.7783	[1, 0, 1, 0, 1]	0	0	0	O
3563.8621	[0, 1, 0, 1, 1]	0	0	0	O
3563.9677	[0, 1, 0, 0, 0]	0	0	0	O
3564.0864	[1, 0, 1, 0, 0]	0	0	0	O
3564.1633	[0, 0, 0, 1, 1]	0	0	0	O
3564.2752	[0, 1, 0, 1, 1]	0	0	0	O
3564.3882	[0, 0, 0, 0, 1]	0	0	0	O
3564.4668	[1, 0, 0, 0, 0]	0	0	0	O
3564.5597	[0, 1, 0, 0, 1]	0	0	0	O
3564.6753	[0, 1, 0, 1, 0]	0	0	0	T
3564.7607	[0, 1, 1, 0, 0]	0	0	0	T
3564.8754	[0, 1, 0, 0, 0]	0	0	0	T
3564.9791	[0, 1, 0, 0, 0]	0	0	0	T
3565.0681	[0, 1, 0, 0, 1]	0	0	0	T
3565.1796	[0, 1, 0, 0, 1]	0	0	0	T
3565.2633	[0, 1, 0, 1, 1]	0	0	0	T
3565.3764	[0, 0, 0, 1, 1]	0	0	0	T
3565.4620	[0, 0, 1, 0, 1]	0	0	0	T
3565.5592	[0, 0, 1, 0, 0]	0	0	0	T
3565.6973	[1, 0, 1, 0, 1]	0	0	0	T
3565.7589	[0, 0, 1, 0, 1]	0	0	0	T
3565.8795	[0, 1, 0, 0, 1]	0	0	0	T
3565.9651	[0, 0, 1, 0, 1]	0	0	0	T
3566.0921	[0, 1, 0, 0, 1]	0	0	0	T
3566.1661	[0, 1, 0, 0, 1]	0	0	0	T
3566.2694	[0, 0, 1, 0, 0]	0	0	0	T
3566.3659	[1, 0, 1, 0, 1]	0	0	0	T
3566.4630	[1, 0, 0, 1, 0]	0	0	0	T
3566.5834	[0, 0, 0, 0, 1]	0	0	0	T
3566.6789	[0, 0, 0, 0, 1]	0	0	0	T
3566.7835	[0, 0, 0, 0, 1]	0	0	0	T
3566.8795	[1, 0, 0, 0, 0]	0	0	0	T
3566.9687	[0, 0, 0, 0, 1]	0	0	0	T
3567.0541	[0, 1, 0, 0, 0]	0	0	0	T
3567.1714	[0, 1, 0, 0, 0]	0	0	0	J
3567.2877	[1, 0, 0, 1, 1]	0	0	0	J
3567.3711	[0, 1, 1, 0, 1]	0	0	0	J
3567.4747	[0, 0, 0, 1, 0]	0	0	0	J
3567.5828	[1, 0, 0, 0, 0]	0	0	0	J
3567.6771	[0, 0, 0, 0, 1]	0	0	0	J
3567.7846	[0, 0, 0, 0, 0]	0	0	0	J
3567.8790	[0, 1, 1, 0, 0]	0	0	0	J
3567.9670	[0, 0, 0, 0, 0]	0	0	0	J
3568.0776	[1, 0, 0, 1, 0]	0	0	0	J
3568.1674	[1, 0, 0, 0, 1]	0	0	0	J
3568.2890	[0, 1, 1, 0, 0]	0	0	0	J
3568.3668	[0, 0, 0, 1, 0]	0	0	0	J
3568.4740	[1, 0, 0, 0, 0]	0	0	0	J
3568.5643	[0, 1, 1, 0, 1]	0	0	0	J
3568.6643	[0, 0, 1, 0, 1]	0	0	0	J
3568.7802	[0, 0, 1, 0, 0]	0	0	0	J
3568.8784	[1, 0, 1, 0, 0]	0	0	0	J
3568.9867	[0, 1, 0, 0, 0]	0	0	0	J
3569.0781	[0, 0, 1, 0, 0]	0	0	0	J
3569.1762	[0, 1, 1, 0, 1]	0	0	0	J
3569.2736	[0, 0, 0, 0, 0]	0	0	0	J
3569.3654	[1, 0, 1, 0, 1]	0	0	0	J
3569.4794	[1, 0, 0, 0, 1]	0	0	0	J
3569.5686	[0, 1, 1, 0, 0]	0	0	0	J
3569.6634	[1, 0, 1, 0, 1]	0	0	0	J
3569.7766	[1, 0, 0, 0, 0]	0	0	0	J
3569.8586	[0, 0, 0, 0, 0]	0	0	0	J
3569.9887	[0, 0, 0, 0, 0]	0	0	0	J
3570.0631	[1, 0, 0, 0, 0]	0	0	0	J
3570.1906	[1, 0, 1, 0, 0]	0	0	0	J
3570.2663	[0, 1, 0, 0, 0]	0	0	0	J
3570.3630	[0, 1, 1, 0, 1]	0	0	0	J
3570.4601	[0, 1, 1, 0, 0]	0	0	0	J
3570.5657	[1, 0, 1, 0, 0]	0	0	0	J
3570.6616	[0, 1, 0, 1, 0]	0	0	0	J
3570.7716	[0, 1, 0, 1, 0]	0	0	0	J
3570.8805	[0, 0, 1, 0, 0]	0	0	0	J
3570.9683	[1, 0, 1, 0, 0]	0	0	0	J
3571.0601	[0, 0, 0, 0, 1]	0	0	0	J
3571.1764	[1, 0, 0, 0, 0]	0	0	0	J
3571.2606	[0, 0, 1, 0, 0]	0	0	0	J
3571.3767	[1, 0, 0, 0, 0]	0	0	0	J
3571.4560	[1, 0, 1, 0, 1]	0	0	0	J
3571.5769	[0, 0, 0, 0, 1]	0	0	0	J
3571.6796	[0, 1, 0, 1, 0]	0	0	0	T
3571.7683	[1, 0, 1, 0, 1]	0	0	0	T
3571.8739	[1, 0, 1, 0, 1]	0	0	0	T
3571.9747	[0, 0, 0, 1, 1]	0	0	0	T
3572.0892	[0, 0, 0, 0, 1]	0	0	0	T
3572.1635	[1, 0, 0, 0, 1]	0	0	0	T
3572.2669	[1, 0, 0, 1, 1]	0	0	0	T
3572.3885	[0, 1, 0, 0, 0]	0	0	0	T
3572.4706	[1, 0, 0, 0, 1]	0	0	0	T
3572.6007	[1, 0, 0, 1, 0]	0	0	0	T
3572.6698	[0, 1, 0, 0, 0]	0	0	0	T
3572.7830	[0, 1, 1, 0, 0]	0	0	0	T
3572.8570	[1, 0, 1, 0, 0]	0	0	0	T
3572.9703	[0, 1, 0, 0, 0]	0	0	0	T
3573.0876	[0, 0, 0, 1, 1]	0	0	0	T
3573.1761	[0, 1, 0, 1, 0]	0	0	0	T
3573.2863	[0, 0, 0, 1, 0]	0	0	0	T
3573.3668	[0, 0, 1, 0, 1]	0	0	0	T
3573.4656	[0, 1, 1, 0, 1]	0	0	0	T
3573.5915	[1, 0, 0, 1, 1]	0	0	0	T
3573.6614	[0, 1, 0, 0, 0]	0	0	0	T
3573.7806	[0, 1, 0, 1, 0]	0	0	0	T
3573.8579	[0, 0, 0, 0, 1]	0	0	0	T
3574.0065	[0, 1, 0, 0, 0]	0	0	0	T
3574.0654	[1, 0, 1, 0, 0]	0	0	0	T
3574.1616	[0, 0, 0, 1, 1]	0	0	0	T
3574.2803	[0, 1, 0, 0, 1]	0	0	0	T
3574.3743	[0, 1, 0, 0, 0]	0	0	0	T
3574.4570	[1, 0, 1, 0, 0]	0	0	0	T
3574.6022	[0, 0, 1, 0, 0]	0	0	0	T
3574.6665	[1, 0, 1, 0, 0]	0	0	0	T
3574.7771	[1, 0, 1, 0, 0]	0	0	0	T
3574.8688	[1, 0, 1, 0, 1]	64	0	1	T
3574.9763	[0, 0, 0, 0, 1]	64	0	1	T
3575.0819	[0, 0, 0, 1, 1]	64	0	1	T
3575.1683	[1, 0, 1, 0, 0]	64	0	1	T
3575.2767	[0, 1, 0, 1, 1]	64	0	1	T
3575.3636	[1, 0, 0, 0, 1]	64	0	1	T
3575.4912	[0, 1, 1, 0, 0]	64	0	1	T
3575.5634	[0, 0, 1, 0, 1]	64	0	1	T
3575.6561	[0, 0, 0, 1, 0]	64	0	1	T
3575.7683	[1, 0, 1, 0, 1]	64	0	1	T
3575.8666	[1, 0, 1, 0, 1]	64	0	1	T
3575.9800	[0, 0, 0, 0, 1]	64	0	1	T
3576.0686	[1, 0, 1, 0, 1]	64	0	1	T
3576.1654	[1, 0, 1, 0, 1]	64	0	1	T
3576.2617	[0, 1, 1, 0, 1]	64	0	1	J
3576.3755	[0, 0, 1, 0, 1]	64	0	1	J
3576.4997	[0, 0, 1, 0, 0]	64	0	1	J
3576.5625	[0, 0, 1, 0, 0]	64	0	1	J
3576.6720	[1, 0, 0, 1, 1]	64	0	1	J
3576.7858	[0, 0, 0, 1, 1]	64	0	1	J
3576.8618	[0, 1, 0, 0, 1]	64	0	1	J
3576.9733	[0, 0, 0, 1, 0]	64	0	1	J
3577.0794	[1, 0, 0, 0, 1]	64	0	1	J
3577.1671	[0, 1, 0, 1, 1]	64	0	1	J
3577.2663	[0, 0, 1, 0, 1]	64	0	1	J
3577.3585	[1, 0, 0, 0, 0]	64	0	1	J
3577.4858	[0, 1, 0, 0, 1]	64	0	1	J
3577.5555	[1, 0, 0, 0, 0]	64	0	1	J
3577.6616	[1, 0, 1, 0, 0]	64	0	1	J
3577.7582	[0, 0, 0, 0, 1]	64	0	1	J
3577.8615	[1, 0, 0, 0, 0]	64	0	1	J
3577.9813	[0, 0, 0, 1, 0]	64	0	1	J
3578.0620	[1, 0, 0, 1, 1]	64	0	1	J
3578.1618	[1, 0, 1, 0, 0]	64	0	1	J
3578.2794	[0, 0, 0, 1, 1]	64	0	1	J
3578.3764	[0, 0, 1, 0, 1]	64	0	1	J
3578.4827	[0, 0, 0, 1, 1]	64	0	1	J
3578.5804	[0, 1, 0, 1, 0]	64	0	1	J
3578.6606	[0, 0, 0, 0, 0]	64	0	1	J
3578.7831	[1, 0, 0, 0, 1]	64	0	1	J
3578.8827	[0, 0, 0, 0, 0]	64	0	1	J
3578.9745	[0, 1, 0, 0, 1]	64	0	1	J
3579.0634	[1, 0, 1, 0, 0]	64	0	1	J
3579.1633	[1, 0, 1, 0, 1]	64	0	1	J
3579.2740	[0, 1, 0, 0, 0]	64	0	1	J
3579.3636	[1, 0, 1, 0, 0]	64	0	1	T
3579.4655	[0, 0, 1, 0, 1]	64	0	1	T
3579.5745	[0, 0, 0, 0, 1]	64	0	1	T
3579.6817	[0, 0, 0, 1, 1]	64	0	1	T
3579.7648	[0, 0, 0, 0, 1]	64	0	1	T
3579.8840	[0, 0, 0, 0, 0]	64	0	1	T
3579.9817	[0, 0, 0, 1, 1]	64	0	1	T
3580.0629	[0, 1, 0, 1, 1]	64	0	1	T
3580.1820	[0, 1, 0, 1, 1]	64	0	1	T
3580.2760	[0, 0, 1, 0, 0]	64	0	1	T
3580.3682	[0, 0, 1, 0, 0]	64	0	1	T
3580.4571	[0, 1, 0, 1, 1]	64	0	1	T
3580.5863	[0, 0, 0, 0, 0]	64	0	1	T
3580.6864	[0, 1, 0, 1, 1]	64	0	1	T
3580.7693	[0, 1, 1, 0, 0]	64	0	1	T
3580.8914	[0, 1, 1, 0, 1]	64	0	1	T
3580.9843	[0, 0, 0, 1, 0]	64	0	1	T
3581.0612	[0, 1, 0, 1, 1]	64	0	1	T
3581.1731	[1, 0, 0, 0, 1]	64	0	1	T
3581.2619	[0, 0, 0, 1, 1]	64	0	1	T
3581.3827	[0, 0, 1, 0, 0]	64	0	1	T
3581.4614	[0, 0, 1, 0, 1]	64	0	1	T
3581.5779	[0, 1, 0, 1, 0]	64	0	1	T
3581.6639	[1, 0, 0, 1, 0]	64	0	1	T
3581.7750	[1, 0, 0, 0, 0]	64	0	1	T
3581.8881	[0, 1, 0, 0, 1]	64	0	1	T
3581.9648	[1, 0, 1, 0, 0]	64	0	1	T
3582.0788	[0, 0, 0, 0, 1]	64	0	1	T
3582.1814	[1, 0, 0, 1, 0]	64	0	1	T
3582.2595	[0, 1, 0, 0, 1]	64	0	1	T
3582.3870	[0, 0, 0, 0, 1]	64	0	1	T
3582.4559	[1, 0, 1, 0, 1]	64	0	1	T
3582.5585	[1, 0, 0, 0, 1]	64	0	1	L
3582.6602	[0, 1, 1, 0, 0]	64	0	1	L
3582.7590	[0, 1, 0, 1, 1]	64	0	1	L
3582.8948	[0, 0, 0, 1, 0]	64	0	1	L
3582.9589	[1, 0, 1, 0, 0]	64	0	1	L
3583.0783	[1, 0, 0, 1, 1]	64	0	1	L
3583.1608	[1, 0, 1, 0, 0]	64	0	1	L
3583.2585	[0, 1, 0, 1, 1]	64	0	1	L
3583.3703	[0, 0, 1, 0, 0]	64	0	1	L
3583.4694	[0, 0, 1, 0, 1]	64	0	1	L
3583.5706	[1, 0, 0, 0, 0]	64	0	1	L
3583.6753	[0, 1, 0, 1, 0]	64	0	1	L
3583.7637	[0, 1, 0, 0, 1]	64	0	1	L
3583.8828	[0, 1, 0, 1, 1]	64	0	1	L
3583.9641	[1, 0, 0, 1, 1]	64	0	1	L
3584.0809	[1, 0, 1, 0, 1]	64	0	1	L
3584.1842	[1, 0, 1, 0, 0]	64	0	1	L
3584.2880	[0, 1, 0, 0, 1]	64	0	1	L
3584.3709	[0, 0, 0, 0, 0]	64	0	1	L
3584.4674	[1, 0, 0, 1, 0]	64	0	1	L
3584.5799	[0, 0, 1, 0, 1]	64	0	1	L
3584.6790	[1, 0, 0, 0, 1]	64	0	1	L
3584.7771	[0, 1, 1, 0, 1]	64	0	1	L
3584.8740	[1, 0, 1, 0, 0]	64	0	1	L
3584.9649	[1, 0, 1, 0, 1]	64	0	1	L
3585.0762	[0, 0, 0, 0, 0]	64	0	1	L
3585.1783	[0, 1, 0, 1, 1]	64	0	1	L
3585.2660	[0, 0, 0, 1, 0]	64	0	1	L
3585.3576	[0, 1, 1, 0, 0]	64	0	1	L
3585.4698	[0, 0, 1, 0, 1]	64	0	1	L
3585.5963	[0, 1, 0, 1, 0]	64	0	1	L
3585.6639	[1, 0, 1, 0, 1]	64	0	1	L
3585.7742	[0, 1, 0, 0, 0]	64	0	1	L
3585.8755	[0, 1, 0, 1, 1]	64	0	1	L
3585.9614	[0, 0, 1, 0, 1]	64	0	1	L
3586.0776	[1, 0, 0, 1, 0]	64	0	1	L
3586.1787	[1, 0, 1, 0, 1]	64	0	1	L
3586.2755	[1, 0, 0, 1, 1]	64	0	1	L
3586.3714	[0, 0, 0, 1, 1]	64	0	1	L
3586.4606	[0, 1, 0, 1, 0]	64	0	1	L
3586.5649	[0, 1, 1, 0, 0]	64	0	1	L
3586.6640	[1, 0, 1, 0, 1]	64	0	1	L
3586.7766	[0, 1, 1, 0, 1]	64	0	1	L
3586.8763	[0, 1, 1, 0, 0]	64	0	1	L
3586.9649	[1, 0, 0, 0, 1]	64	0	1	L
3587.0738	[0, 0, 0, 1, 1]	64	0	1	L
3587.1632	[1, 0, 0, 1, 0]	64	0	1	L
3587.2646	[1, 0, 0, 1, 0]	64	0	1	L
3587.3830	[1, 0, 0, 0, 0]	64	0	1	L
3587.4618	[0, 1, 0, 0, 1]	64	0	1	L
3587.5799	[0, 0, 0, 0, 0]	64	0	1	L
3587.6789	[0, 0, 0, 1, 0]	64	0	1	L
3587.7572	[0, 0, 0, 1, 1]	64	0	1	L
3587.8852	[0, 0, 1, 0, 0]	64	0	1	L
3587.9602	[0, 1, 1, 0, 0]	64	0	1	L
3588.0679	[0, 0, 1, 0, 1]	64	0	1	L
3588.1624	[1, 0, 1, 0, 0]	64	0	1	L
3588.2699	[0, 0, 1, 0, 1]	64	0	1	L
3588.3841	[0, 1, 0, 1, 0]	64	0	1	L
3588.4621	[0, 1, 1, 0, 1]	64	0	1	L
3588.5795	[1, 0, 0, 0, 1]	64	0	1	J
3588.6648	[0, 0, 1, 0, 0]	64	0	1	J
3588.7747	[0, 1, 0, 1, 0]	64	0	1	J
3588.8639	[1, 0, 0, 1, 0]	64	0	1	J
3588.9565	[1, 0, 1, 0, 1]	64	0	1	J
3589.0641	[0, 1, 1, 0, 1]	64	0	1	J
3589.1711	[0, 1, 0, 1, 0]	64	0	1	J
3589.2912	[0, 0, 1, 0, 0]	64	0	1	J
3589.3733	[0, 0, 0, 0, 0]	64	0	1	J
3589.4810	[0, 1, 0, 1, 0]	64	0	1	J
3589.5866	[1, 0, 0, 0, 1]	64	0	1	J
3589.6788	[0, 1, 1, 0, 1]	64	0	1	J
3589.7769	[0, 0, 0, 0, 1]	64	0	1	J
3589.8644	[0, 1, 0, 1, 0]	64	0	1	J
3589.9849	[1, 0, 0, 1, 0]	64	0	1	J
3590.0777	[0, 0, 0, 1, 1]	64	0	1	J
3590.1936	[1, 0, 0, 1, 0]	64	0	1	J
3590.2806	[1, 0, 0, 0, 0]	64	0	1	J
3590.3626	[1, 0, 1, 0, 0]	64	0	1	J
3590.4785	[1, 0, 0, 1, 1]	64	0	1	J
3590.5700	[0, 1, 0, 0, 0]	64	0	1	J
3590.6694	[0, 0, 0, 0, 1]	64	0	1	J
3590.7753	[1, 0, 0, 1, 1]	64	0	1	J
3590.8598	[1, 0, 0, 1, 0]	64	0	1	J
3590.9657	[0, 1, 0, 0, 0]	64	0	1	J
3591.0768	[0, 1, 0, 0, 0]	64	0	1	J
3591.1785	[0, 0, 0, 0, 0]	64	0	1	T
3591.2732	[1, 0, 0, 0, 0]	64	0	1	T
3591.3879	[1, 0, 1, 0, 0]	64	0	1	T
3591.4661	[0, 0, 0, 1, 0]	64	0	1	T
3591.5828	[1, 0, 0, 0, 1]	64	0	1	T
3591.6784	[0, 0, 1, 0, 1]	64	0	1	T
3591.7823	[1, 0, 0, 1, 0]	64	0	1	T
3591.8601	[1, 0, 0, 1, 0]	64	0	1	T
3591.9787	[0, 0, 0, 0, 0]	64	0	1	T
3592.0765	[0, 0, 0, 1, 1]	64	0	1	T
3592.1701	[1, 0, 0, 1, 1]	64	0	1	T
3592.2656	[0, 1, 1, 0, 1]	64	0	1	T
3592.3794	[0, 0, 1, 0, 0]	64	0	1	T
3592.4665	[0, 1, 0, 1, 0]	64	0	1	T
3592.5618	[0, 1, 1, 0, 0]	64	0	1	T
3592.6633	[0, 0, 1, 0, 0]	64	0	1	T
3592.7725	[0, 1, 1, 0, 1]	64	0	1	T
3592.8867	[0, 1, 0, 0, 1]	64	0	1	T
3592.9606	[0, 0, 1, 0, 1]	64	0	1	T
3593.0706	[1, 0, 0, 0, 1]	64	0	1	T
3593.1799	[0, 0, 0, 0, 1]	64	0	1	T
3593.2645	[0, 0, 1, 0, 1]	64	0	1	T
3593.3754	[1, 0, 1, 0, 1]	64	0	1	T
3593.4569	[0, 1, 1, 0, 1]	64	0	1	T
3593.5815	[0, 0, 0, 0, 0]	64	0	1	T
3593.6629	[1, 0, 0, 1, 0]	64	0	1	T
3593.7872	[0, 1, 0, 1, 0]	64	0	1	T
3593.8572	[0, 1, 0, 1, 0]	64	0	1	T
3593.9776	[0, 0, 0, 0, 0]	64	0	1	T
3594.0783	[1, 0, 1, 0, 0]	64	0	1	T
3594.1614	[0, 1, 0, 1, 1]	64	0	1	T
3594.2806	[0, 0, 0, 0, 1]	64	0	1	T
3594.3628	[1, 0, 0, 0, 1]	64	0	1	T
3594.4595	[0, 0, 0, 0, 1]	64	0	1	T
3594.5649	[0, 0, 0, 0, 0]	64	0	1	T
3594.6837	[0, 1, 1, 0, 1]	64	0	1	T
3594.7741	[1, 0, 0, 1, 1]	64	0	1	T
3594.8678	[1, 0, 0, 0, 1]	64	0	1	T
3594.9717	[0, 0, 0, 1, 1]	64	0	1	T
3595.0700	[0, 1, 0, 1, 0]	64	0	1	T
3595.1660	[0, 1, 0, 1, 0]	64	0	1	T
3595.2638	[1, 0, 0, 1, 0]	64	0	1	T
3595.3826	[1, 0, 0, 0, 0]	64	0	1	T
3595.4668	[1, 0, 0, 1, 0]	64	0	1	T
3595.5783	[0, 0, 0, 1, 1]	64	0	1	T
3595.6785	[1, 0, 0, 1, 0]	64	0	1	T
3595.7649	[1, 0, 0, 1, 1]	64	0	1	T
3595.8784	[0, 1, 0, 1, 1]	64	0	1	T
3595.9770	[0, 1, 1, 0, 1]	64	0	1	T
3596.0736	[0, 0, 1, 0, 0]	64	0	1	T
3596.1661	[1, 0, 1, 0, 0]	64	0	1	T
3596.2796	[0, 0, 1, 0, 1]	64	0	1	T
3596.3612	[0, 0, 0, 1, 1]	64	0	1	T
3596.4903	[0, 0, 0, 0, 1]	64	0	1	T
3596.5671	[1, 0, 0, 1, 0]	64	0	1	T
3596.6800	[0, 0, 0, 0, 0]	64	0	1	T
3596.7692	[1, 0, 0, 1, 0]	64	0	1	T
3596.8848	[0, 1, 0, 1, 0]	64	0	1	T
3596.9674	[0, 0, 0, 0, 0]	64	0	1	T
3597.0785	[1, 0, 1, 0, 0]	64	0	1	T
3597.1694	[1, 0, 0, 1, 1]	64	0	1	T
3597.2615	[0, 0, 1, 0, 1]	64	0	1	T
3597.3768	[0, 1, 0, 1, 0]	64	0	1	T
3597.4682	[1, 0, 0, 1, 1]	64	0	1	T
3597.5670	[0, 0, 1, 0, 0]	64	0	1	T
3597.6655	[0, 0, 0, 1, 1]	64	0	1	T
3597.7671	[0, 0, 0, 1, 1]	64	0	1	T
3597.8657	[1, 0, 1, 0, 1]	64	0	1	T
3597.9771	[1, 0, 0, 0, 1]	64	0	1	T
3598.0646	[1, 0, 1, 0, 1]	64	0	1	T
3598.1905	[0, 1, 1, 0, 0]	64	0	1	T
3598.2618	[1, 0, 0, 0, 1]	64	0	1	T
3598.3693	[0, 0, 1, 0, 0]	64	0	1	T
3598.4549	[0, 1, 0, 0, 1]	64	0	1	T
3598.5723	[1, 0, 0, 1, 1]	64	0	1	T
3598.6598	[1, 0, 0, 1, 0]	64	0	1	T
3598.7685	[1, 0, 0, 0, 0]	64	0	1	T
3598.8701	[1, 0, 0, 0, 1]	64	0	1	T
3598.9633	[0, 1, 1, 0, 0]	64	0	1	T
3599.0616	[0, 1, 1, 0, 0]	64	0	1	T
3599.1582	[1, 0, 0, 1, 0]	64	0	1	T
3599.2657	[0, 1, 0, 1, 0]	64	0	1	T
3599.3611	[0, 1, 1, 0, 1]	64	0	1	T
3599.4643	[1, 0, 1, 0, 0]	64	0	1	T
3599.5777	[0, 0, 0, 0, 0]	64	0	1	T
3599.6615	[0, 1, 1, 0, 0]	64	0	1	T
3599.7652	[0, 1, 0, 0, 0]	64	0	1	T
3599.8718	[0, 0, 0, 1, 1]	64	0	1	T
3599.9672	[1, 0, 0, 1, 0]	64	0	1	T
3600.0817	[1, 0, 0, 1, 0]	64	0	1	T
3600.1643	[0, 1, 0, 1, 0]	64	0	1	T
3600.2807	[0, 0, 0, 1, 1]	64	0	1	T
3600.3606	[0, 0, 0, 0, 0]	64	0	1	T
3600.4706	[0, 0, 0, 1, 0]	64	0	1	T
3600.5714	[1, 0, 1, 0, 0]	64	0	1	T
3600.6805	[1, 0, 1, 0, 0]	64	0	1	T
3600.7825	[0, 1, 1, 0, 0]	64	0	1	T
3600.8647	[0, 1, 0, 1, 1]	64	0	1	T
3600.9722	[0, 1, 0, 1, 0]	64	0	1	T
3601.0624	[0, 0, 0, 0, 1]	64	0	1	T
3601.1621	[1, 0, 0, 0, 0]	64	0	1	T
3601.2622	[0, 1, 1, 0, 1]	64	0	1	T
3601.3605	[0, 1, 0, 0, 0]	64	0	1	T
3601.4762	[1, 0, 1, 0, 0]	64	0	1	T
3601.5620	[0, 1, 0, 1, 1]	64	0	1	T
3601.6829	[0, 0, 1, 0, 0]	64	0	1	T
3601.7717	[0, 1, 0, 0, 0]	64	0	1	T
3601.8629	[0, 1, 1, 0, 0]	64	0	1	T
3601.9606	[1, 0, 0, 0, 1]	64	0	1	T
3602.0627	[0, 1, 1, 0, 1]	64	0	1	T
3602.1960	[0, 0, 0, 1, 1]	64	0	1	T
3602.2613	[0, 1, 0, 0, 0]	64	0	1	T
3602.3905	[0, 1, 1, 0, 1]	64	0	1	T
3602.4789	[0, 1, 0, 0, 0]	64	0	1	T
3602.5960	[0, 0, 0, 0, 1]	64	0	1	T
3602.6794	[0, 0, 0, 1, 0]	64	0	1	T
3602.7869	[1, 0, 0, 1, 0]	64	0	1	T
3602.8712	[0, 0, 1, 0, 1]	64	0	1	T
3602.9805	[0, 0, 0, 0, 0]	64	0	1	T
3603.0642	[0, 1, 0, 0, 0]	64	0	1	T
3603.1831	[1, 0, 0, 0, 0]	64	0	1	T
3603.2645	[0, 1, 0, 1, 1]	64	0	1	T
3603.3777	[0, 1, 1, 0, 1]	64	0	1	T
3603.4582	[0, 0, 0, 1, 1]	64	0	1	T
3603.5616	[1, 0, 1, 0, 1]	64	0	1	T
3603.6631	[1, 0, 0, 1, 1]	64	0	1	T
3603.7610	[0, 0, 1, 0, 1]	64	0	1	T
3603.8815	[0, 1, 0, 1, 0]	64	0	1	T
3603.9589	[0, 0, 0, 1, 1]	64	0	1	T
3604.0876	[1, 0, 0, 0, 1]	64	0	1	T
3604.1716	[1, 0, 0, 0, 1]	64	0	1	T
3604.2859	[0, 0, 0, 1, 1]	64	0	1	T
3604.3834	[0, 1, 1, 0, 1]	64	0	1	T
3604.4640	[0, 1, 1, 0, 0]	64	0	1	T
3604.5772	[1, 0, 0, 0, 1]	64	0	1	T
3604.6608	[0, 0, 0, 1, 1]	64	0	1	T
3604.7818	[0, 0, 1, 0, 0]	64	0	1	T
3604.8601	[0, 1, 0, 1, 0]	64	0	1	T
3604.9661	[1, 0, 1, 0, 1]	64	0	1	T
3605.0718	[0, 1, 1, 0, 0]	64	0	1	T
3605.1609	[1, 0, 1, 0, 1]	64	0	1	T
3605.2802	[0, 1, 0, 0, 0]	64	0	1	T
3605.3723	[1, 0, 0, 0, 1]	64	0	1	T
3605.4788	[0, 0, 0, 0, 1]	64	0	1	T
3605.5640	[0, 0, 1, 0, 1]	64	0	1	T
3605.6810	[0, 0, 0, 1, 0]	64	0	1	T
3605.7696	[0, 0, 0, 0, 1]	64	0	1	T
3605.8739	[1, 0, 0, 0, 0]	64	0	1	T
3605.9564	[0, 0, 0, 0, 1]	64	0	1	T
3606.0754	[0, 0, 0, 0, 0]	64	0	1	T
3606.1604	[1, 0, 0, 1, 0]	64	0	1	T
3606.2812	[0, 0, 0, 1, 1]	64	0	1	T
3606.3596	[0, 1, 0, 1, 0]	64	0	1	T
3606.4616	[0, 1, 0, 1, 0]	64	0	1	T
3606.5885	[0, 0, 1, 0, 0]	64	0	1	T
3606.6716	[1, 0, 0, 1, 0]	64	0	1	T
3606.7600	[0, 0, 1, 0, 1]	64	0	1	T
3606.8605	[0, 1, 0, 0, 1]	64	0	1	T
3606.9615	[0, 0, 1, 0, 1]	64	0	1	T
3607.0668	[0, 1, 0, 0, 1]	64	0	1	T
3607.1844	[0, 1, 0, 0, 0]	64	0	1	T
3607.2752	[1, 0, 1, 0, 1]	64	0	1	T
3607.3802	[0, 0, 0, 1, 1]	64	0	1	T
3607.4617	[0, 1, 1, 0, 1]	64	0	1	T
3607.5869	[0, 1, 1, 0, 0]	64	0	1	T
3607.6653	[1, 0, 0, 0, 0]	64	0	1	T
3607.7782	[0, 0, 0, 1, 1]	64	0	1	T
3607.8841	[0, 0, 1, 0, 1]	64	0	1	T
3607.9842	[0, 0, 0, 0, 0]	64	0	1	T
3608.0824	[0, 1, 0, 0, 0]	64	0	1	T
3608.1968	[1, 0, 1, 0, 0]	64	0	1	T
3608.2793	[0, 0, 1, 0, 1]	64	0	1	T
3608.3708	[0, 1, 0, 0, 0]	64	0	1	T
3608.4819	[0, 0, 0, 0, 1]	64	0	1	T
3608.5704	[1, 0, 0, 1, 1]	64	0	1	T
3608.6851	[0, 1, 0, 1, 1]	64	0	1	T
3608.7570	[1, 0, 0, 1, 1]	64	0	1	T
3608.8774	[0, 1, 1, 0, 0]	64	0	1	T
3608.9558	[0, 1, 0, 0, 1]	64	0	1	T
3609.0745	[0, 1, 1, 0, 0]	64	0	1	T
3609.1775	[0, 0, 0, 1, 0]	64	0	1	T
3609.2754	[1, 0, 0, 0, 1]	64	0	1	T
3609.3774	[0, 1, 0, 1, 1]	64	0	1	T
3609.4660	[0, 1, 0, 1, 0]	64	0	1	T
3609.5658	[0, 0, 0, 1, 1]	64	0	1	T
3609.6661	[1, 0, 0, 1, 0]	64	0	1	T
3609.7617	[0, 1, 0, 1, 0]	64	0	1	T
3609.8762	[1, 0, 1, 0, 1]	64	0	1	T
3609.9753	[0, 1, 0, 1, 0]	64	0	1	T
3610.0763	[0, 0, 0, 1, 0]	64	0	1	T
3610.1556	[0, 0, 0, 1, 1]	64	0	1	T
3610.2560	[0, 0, 0, 0, 0]	64	0	1	T
3610.3947	[0, 0, 1, 0, 0]	64	0	1	T
3610.4610	[1, 0, 0, 0, 1]	64	0	1	T
3610.5792	[1, 0, 0, 1, 1]	64	0	1	T
3610.6737	[0, 1, 0, 1, 0]	64	0	1	T
3610.7595	[0, 1, 1, 0, 1]	64	0	1	T
3610.8787	[1, 0, 0, 0, 0]	64	0	1	T
3610.9644	[0, 1, 0, 0, 1]	64	0	1	T
3611.0759	[1, 0, 0, 0, 1]	64	0	1	T
3611.1624	[0, 1, 0, 1, 0]	64	0	1	T
3611.2800	[0, 0, 0, 1, 0]	64	0	1	T
3611.3656	[1, 0, 0, 0, 1]	64	0	1	T
3611.4913	[1, 0, 1, 0, 1]	64	0	1	T
3611.5565	[1, 0, 0, 0, 1]	64	0	1	T
3611.6854	[0, 1, 0, 1, 0]	64	0	1	T
3611.7725	[0, 1, 1, 0, 1]	64	0	1	T
3611.8595	[1, 0, 0, 0, 1]	64	0	1	T
3611.9843	[0, 1, 0, 1, 1]	64	0	1	T
3612.0774	[1, 0, 0, 0, 1]	64	0	1	T
3612.1766	[1, 0, 1, 0, 0]	64	0	1	T
3612.2791	[0, 1, 0, 1, 0]	64	0	1	T
3612.3777	[1, 0, 0, 0, 0]	64	0	1	T
3612.4618	[0, 0, 1, 0, 0]	64	0	1	T
3612.5652	[0, 0, 0, 0, 1]	64	0	1	T
3612.6778	[1, 0, 0, 0, 0]	64	0	1	T
3612.7597	[0, 1, 0, 0, 0]	64	0	1	T
3612.8882	[0, 0, 0, 0, 0]	64	0	1	T
3612.9588	[0, 0, 0, 1, 1]	64	0	1	T
3613.0794	[0, 1, 1, 0, 1]	64	0	1	T
3613.1695	[0, 0, 0, 1, 1]	64	0	1	T
3613.2657	[1, 0, 0, 1, 1]	64	0	1	T
3613.3550	[0, 0, 0, 1, 1]	64	0	1	T
3613.4861	[0, 0, 1, 0, 0]	64	0	1	T
3613.5880	[0, 1, 0, 0, 0]	64	0	1	T
3613.6596	[0, 1, 1, 0, 1]	64	0	1	T
3613.7630	[1, 0, 0, 0, 0]	64	0	1	T
3613.8792	[0, 0, 1, 0, 1]	64	0	1	T
3613.9611	[0, 1, 0, 0, 1]	64	0	1	T
3614.0836	[0, 1, 1, 0, 0]	64	0	1	T
3614.1537	[0, 1, 0, 1, 1]	64	0	1	T
3614.2699	[0, 0, 1, 0, 0]	64	0	1	T
3614.3883	[0, 1, 0, 0, 1]	64	0	1	T
3614.4674	[0, 0, 0, 0, 1]	64	0	1	T
3614.5787	[1, 0, 1, 0, 0]	64	0	1	T
3614.6803	[1, 0, 1, 0, 1]	64	0	1	T
3614.7750	[0, 0, 0, 1, 0]	64	0	1	T
3614.8764	[0, 1, 0, 0, 1]	64	0	1	T
3614.9601	[0, 1, 1, 0, 0]	64	0	1	T
3615.0779	[0, 0, 1, 0, 1]	64	0	1	T
3615.1602	[0, 0, 0, 0, 0]	64	0	1	T
3615.2635	[0, 0, 1, 0, 1]	64	0	1	T
3615.3689	[0, 0, 0, 0, 0]	64	0	1	T
3615.4749	[0, 1, 0, 0, 1]	64	0	1	T
3615.5878	[0, 0, 0, 0, 1]	64	0	1	T
3615.6632	[1, 0, 0, 0, 1]	64	0	1	T
3615.7775	[1, 0, 0, 0, 1]	64	0	1	T
3615.8602	[0, 0, 1, 0, 1]	64	0	1	T
3615.9609	[0, 1, 0, 0, 1]	64	0	1	T
3616.0715	[1, 0, 0, 0, 0]	64	0	1	T
3616.1693	[0, 1, 1, 0, 0]	64	0	1	T
3616.2629	[0, 1, 0, 0, 1]	64	0	1	T
3616.3625	[0, 0, 1, 0, 1]	64	0	1	T
3616.4783	[0, 0, 0, 1, 0]	64	0	1	T
3616.5832	[1, 0, 0, 1, 0]	64	0	1	T
3616.6745	[0, 0, 0, 0, 1]	64	0	1	T
3616.7768	[0, 1, 1, 0, 0]	64	0	1	T
3616.8648	[0, 0, 0, 0, 0]	64	0	1	T
3616.9586	[0, 1, 0, 0, 1]	64	0	1	T
3617.0634	[1, 0, 0, 1, 0]	64	0	1	T
3617.1615	[0, 0, 1, 0, 1]	64	0	1	T
3617.2726	[0, 0, 0, 1, 1]	64	0	1	T
3617.3683	[0, 1, 0, 1, 0]	64	0	1	T
3617.4664	[1, 0, 0, 0, 0]	64	0	1	T
3617.5770	[0, 0, 1, 0, 1]	64	0	1	T
3617.6792	[0, 1, 0, 0, 1]	64	0	1	I
3617.7682	[0, 0, 0, 0, 1]	64	0	1	I
3617.8841	[0, 1, 1, 0, 1]	64	0	1	I
3617.9611	[0, 1, 1, 0, 0]	64	0	1	I
3618.0684	[0, 0, 0, 1, 1]	64	0	1	I
3618.1887	[1, 0, 1, 0, 0]	64	0	1	I
3618.2579	[0, 0, 0, 0, 0]	64	0	1	I
3618.3611	[0, 1, 1, 0, 0]	64	0	1	I
3618.4724	[0, 1, 1, 0, 0]	64	0	1	I
3618.5547	[0, 0, 0, 0, 0]	64	0	1	I
3618.6748	[0, 1, 1, 0, 1]	64	0	1	I
3618.7517	[1, 0, 0, 0, 1]	64	0	1	I
3618.8566	[0, 1, 1, 0, 1]	64	0	1	I
3618.9701	[0, 0, 0, 0, 0]	64	0	1	I
3619.0604	[0, 0, 0, 1, 1]	64	0	1	I
3619.1901	[1, 0, 1, 0, 0]	64	0	1	I
3619.2638	[1, 0, 1, 0, 1]	64	0	1	I
3619.3627	[0, 0, 0, 1, 1]	64	0	1	I
3619.4558	[1, 0, 1, 0, 1]	64	0	1	I
3619.5769	[0, 0, 1, 0, 1]	64	0	1	I
3619.6863	[0, 0, 0, 1, 0]	64	0	1	I
3619.7623	[0, 1, 1, 0, 1]	64	0	1	Z
3619.8846	[0, 0, 1, 0, 1]	64	0	1	Z
3619.9663	[0, 0, 1, 0, 0]	64	0	1	Z
3620.0622	[1, 0, 0, 0, 1]	64	0	1	Z
3620.1639	[1, 0, 0, 1, 1]	64	0	1	Z
3620.2807	[1, 0, 0, 0, 0]	64	0	1	Z
3620.3841	[0, 1, 0, 1, 1]	64	0	1	Z
3620.4695	[0, 0, 1, 0, 1]	64	0	1	Z
3620.5822	[0, 0, 1, 0, 1]	64	0	1	Z
3620.6623	[1, 0, 1, 0, 0]	64	0	1	Z
3620.7786	[1, 0, 1, 0, 1]	64	0	1	Z
3620.8673	[0, 0, 0, 0, 0]	64	0	1	Z
3620.9588	[0, 1, 0, 0, 0]	64	0	1	Z
3621.0861	[1, 0, 1, 0, 1]	64	0	1	Z
3621.1643	[0, 1, 0, 0, 0]	64	0	1	Z
3621.3010	[1, 0, 1, 0, 0]	64	0	1	Z
3621.3618	[0, 0, 0, 1, 0]	64	0	1	Z
3621.4751	[1, 0, 1, 0, 0]	64	0	1	Z
3621.5940	[0, 0, 0, 1, 0]	64	0	1	L
3621.6721	[0, 1, 0, 0, 1]	64	0	1	L
3621.7691	[0, 0, 0, 0, 0]	64	0	1	L
3621.8746	[1, 0, 1, 0, 1]	64	0	1	L
3621.9650	[1, 0, 0, 0, 1]	64	0	1	L
3622.0901	[1, 0, 0, 0, 1]	64	0	1	L
3622.1618	[0, 1, 1, 0, 1]	64	0	1	L
3622.2736	[1, 0, 0, 1, 1]	64	0	1	L
3622.3553	[0, 0, 0, 1, 1]	64	0	1	L
3622.4672	[0, 1, 1, 0, 0]	64	0	1	L
3622.6075	[0, 1, 0, 0, 0]	64	0	1	L
3622.6607	[1, 0, 1, 0, 1]	64	0	1	L
3622.7692	[1, 0, 0, 1, 1]	64	0	1	L
3622.8867	[0, 1, 1, 0, 1]	64	0	1	L
3622.9538	[0, 1, 0, 0, 0]	64	0	1	S
3623.0648	[0, 1, 0, 1, 0]	64	0	1	S
3623.1618	[1, 0, 0, 1, 0]	64	0	1	S
3623.2646	[0, 0, 1, 0, 0]	64	0	1	S
3623.3766	[0, 1, 1, 0, 1]	64	0	1	S
3623.4952	[1, 0, 0, 1, 0]	64	0	1	S
3623.5634	[0, 1, 0, 0, 0]	64	0	1	S
3623.6730	[1, 0, 0, 0, 0]	64	0	1	S
3623.7782	[1, 0, 0, 0, 1]	64	0	1	S
3623.8766	[1, 0, 0, 0, 0]	64	0	1	S
3623.9678	[0, 1, 0, 0, 1]	64	0	1	S
3624.0616	[0, 1, 0, 0, 0]	64	0	1	S
3624.1820	[0, 0, 1, 0, 1]	64	0	1	S
3624.2619	[0, 0, 0, 0, 0]	64	0	1	S
3624.3740	[0, 0, 0, 1, 1]	64	0	1	S
3624.4598	[0, 0, 1, 0, 0]	64	0	1	S
3624.5817	[1, 0, 0, 0, 0]	64	0	1	S
3624.6608	[1, 0, 0, 1, 1]	64	0	1	S
3624.7644	[0, 0, 1, 0, 0]	64	0	1	S
3624.8868	[1, 0, 1, 0, 1]	64	0	1	S
3624.9647	[0, 1, 1, 0, 0]	64	0	1	S
3625.0959	[0, 0, 1, 0, 0]	64	0	1	S
3625.1793	[1, 0, 1, 0, 0]	64	0	1	S
3625.2905	[0, 0, 0, 0, 1]	64	0	1	S
3625.3780	[1, 0, 0, 1, 0]	64	0	1	S
3625.4583	[1, 0, 1, 0, 1]	64	0	1	S
3625.5818	[0, 0, 0, 0, 0]	64	0	1	I
3625.6631	[0, 1, 0, 0, 1]	64	0	1	I
3625.7673	[0, 0, 1, 0, 1]	64	0	1	I
3625.8644	[1, 0, 0, 0, 1]	64	0	1	I
3625.9653	[1, 0, 0, 1, 0]	64	0	1	I
3626.0840	[0, 1, 0, 0, 0]	64	0	1	I
3626.1655	[0, 1, 0, 0, 1]	64	0	1	I
3626.2597	[0, 1, 0, 0, 1]	64	0	1	I
3626.3860	[1, 0, 1, 0, 0]	64	0	1	I
3626.4604	[0, 0, 0, 1, 0]	64	0	1	I
3626.5858	[1, 0, 1, 0, 0]	64	0	1	I
3626.6614	[1, 0, 1, 0, 0]	64	0	1	I
3626.7671	[1, 0, 1, 0, 0]	64	0	1	I
3626.8861	[1, 0, 0, 0, 1]	64	0	1	I
3626.9717	[0, 1, 1, 0, 1]	64	0	1	I
3627.0577	[0, 0, 1, 0, 0]	64	0	1	I
3627.1803	[0, 0, 1, 0, 1]	64	0	1	I
3627.2643	[0, 0, 0, 1, 0]	64	0	1	T
3627.3688	[0, 1, 0, 1, 0]	64	0	1	T
3627.4610	[0, 1, 0, 1, 0]	64	0	1	T
3627.5623	[0, 1, 1, 0, 1]	64	0	1	T
3627.6879	[0, 0, 0, 1, 1]	64	0	1	T
3627.7772	[1, 0, 0, 1, 0]	64	0	1	T
3627.8667	[1, 0, 0, 1, 0]	64	0	1	T
3627.9602	[1, 0, 0, 0, 0]	64	0	1	T
3628.0629	[0, 1, 1, 0, 0]	64	0	1	T
3628.1703	[0, 0, 0, 0, 1]	64	0	1	T
3628.2559	[0, 1, 1, 0, 0]	64	0	1	T
3628.4005	[1, 0, 1, 0, 0]	64	0	1	T
3628.4588	[0, 0, 1, 0, 1]	64	0	1	T
3628.5792	[0, 0, 1, 0, 1]	64	0	1	T
3628.6681	[0, 0, 0, 1, 1]	64	0	1	T
3628.7692	[0, 1, 0, 0, 1]	64	0	1	T
3628.8744	[0, 0, 0, 0, 1]	64	0	1	T
3628.9882	[0, 1, 1, 0, 0]	64	0	1	T
3629.0780	[1, 0, 0, 0, 1]	64	0	1	T
3629.1809	[0, 0, 0, 0, 1]	64	0	1	Z
3629.2746	[0, 1, 1, 0, 1]	64	0	1	Z
3629.3825	[0, 1, 0, 0, 1]	64	0	1	Z
3629.4638	[1, 0, 0, 1, 1]	64	0	1	Z
3629.5753	[0, 1, 0, 1, 1]	64	0	1	Z
3629.6760	[1, 0, 1, 0, 1]	64	0	1	Z
3629.7602	[0, 0, 1, 0, 0]	64	0	1	Z
3629.8791	[0, 0, 1, 0, 0]	64	0	1	Z
3629.9637	[0, 0, 0, 0, 0]	64	0	1	Z
3630.0948	[0, 1, 1, 0, 1]	64	0	1	Z
3630.1763	[1, 0, 1, 0, 0]	64	0	1	Z
3630.2773	[1, 0, 1, 0, 0]	64	0	1	Z
3630.3766	[0, 1, 1, 0, 1]	64	0	1	Z
3630.4652	[0, 1, 0, 1, 1]	64	0	1	Z
3630.5842	[0, 0, 0, 0, 0]	127	0	2	Z
3630.6697	[0, 1, 0, 0, 0]	127	0	2	Z
3630.7771	[0, 1, 1, 0, 0]	127	0	2	Z
3630.8615	[1, 0, 1, 0, 0]	127	0	2	Z
3630.9763	[1, 0, 1, 0, 1]	127	0	2	Z
3631.0913	[0, 1, 1, 0, 1]	127	0	2	Z
3631.1855	[0, 0, 0, 1, 1]	127	0	2	Z
3631.2877	[1, 0, 1, 0, 0]	127	0	2	Z
3631.3671	[0, 1, 0, 0, 0]	127	0	2	Z
3631.4553	[0, 0, 0, 0, 0]	127	0	2	Z
3631.5817	[0, 1, 0, 1, 0]	127	0	2	Z
3631.6589	[1, 0, 0, 0, 1]	127	0	2	Z
3631.7810	[0, 1, 1, 0, 1]	127	0	2	Z
3631.8627	[0, 0, 0, 1, 0]	127	0	2	Z
3631.9911	[1, 0, 0, 1, 0]	127	0	2	I
3632.0747	[0, 0, 0, 0, 0]	127	0	2	I
3632.1584	[0, 0, 1, 0, 0]	127	0	2	I
3632.2737	[0, 1, 1, 0, 0]	127	0	2	I
3632.3670	[0, 0, 0, 1, 0]	127	0	2	I
3632.4830	[0, 0, 0, 0, 1]	127	0	2	I
3632.5812	[0, 1, 1, 0, 0]	127	0	2	I
3632.6664	[0, 0, 0, 1, 0]	127	0	2	I
3632.7656	[0, 0, 1, 0, 1]	127	0	2	I
3632.8766	[1, 0, 0, 1, 0]	127	0	2	I
3632.9598	[0, 1, 1, 0, 0]	127	0	2	I
3633.0698	[0, 0, 0, 0, 1]	127	0	2	I
3633.1630	[0, 1, 0, 1, 0]	127	0	2	I
3633.2638	[0, 0, 1, 0, 0]	127	0	2	I
3633.3892	[1, 0, 0, 0, 0]	127	0	2	I
3633.4589	[1, 0, 1, 0, 0]	127	0	2	I
3633.5876	[1, 0, 1, 0, 0]	127	0	2	I
3633.6643	[1, 0, 0, 1, 1]	127	0	2	I
3633.7827	[1, 0, 0, 0, 1]	127	0	2	I
3633.8772	[0, 1, 0, 1, 1]	127	0	2	I
3633.9618	[0, 1, 0, 1, 0]	127	0	2	I
3634.0875	[0, 1, 0, 1, 1]	127	0	2	I
3634.1723	[0, 0, 1, 0, 0]	127	0	2	I
3634.2597	[0, 1, 0, 1, 1]	127	0	2	I
3634.3777	[0, 1, 0, 0, 0]	127	0	2	I
3634.4615	[0, 0, 1, 0, 1]	127	0	2	I
3634.5793	[0, 0, 1, 0, 1]	127	0	2	I
3634.6600	[0, 0, 0, 1, 0]	127	0	2	I
3634.7591	[0, 1, 0, 0, 1]	127	0	2	I
3634.8745	[0, 1, 0, 1, 1]	191	0	3	I
3634.9660	[0, 0, 0, 1, 1]	191	0	3	I
3635.0932	[0, 0, 0, 0, 0]	191	0	3	I
3635.1610	[1, 0, 1, 0, 1]	191	0	3	I
3635.2614	[0, 0, 1, 0, 0]	191	0	3	I
3635.3602	[1, 0, 0, 1, 0]	191	0	3	I
3635.4630	[0, 0, 0, 1, 0]	191	0	3	I
3635.5837	[0, 0, 0, 1, 0]	191	0	3	I
3635.6636	[0, 0, 0, 1, 0]	191	0	3	I
3635.7610	[0, 1, 1, 0, 0]	191	0	3	I
3635.8779	[0, 1, 1, 0, 0]	191	0	3	I
3635.9825	[0, 1, 0, 0, 0]	191	0	3	I
3636.0727	[1, 0, 1, 0, 0]	191	0	3	I
3636.1755	[0, 1, 0, 1, 0]	191	0	3	I
3636.2763	[1, 0, 0, 0, 0]	191	0	3	L
3636.3863	[0, 1, 0, 0, 1]	191	0	3	L
3636.4663	[0, 1, 0, 0, 0]	191	0	3	L
3636.5780	[1, 0, 1, 0, 1]	191	0	3	L
3636.6833	[1, 0, 0, 0, 0]	191	0	3	L
3636.7629	[0, 1, 1, 0, 0]	191	0	3	L
3636.8861	[1, 0, 0, 1, 1]	191	0	3	L
3636.9704	[1, 0, 0, 1, 1]	191	0	3	L
3637.0831	[0, 1, 1, 0, 0]	191	0	3	L
3637.1668	[0, 1, 0, 0, 1]	191	0	3	L
3637.2641	[1, 0, 0, 0, 0]	191	0	3	L
3637.3830	[0, 0, 1, 0, 0]	191	0	3	L
3637.4603	[0, 1, 0, 1, 1]	191	0	3	L
3637.6020	[1, 0, 1, 0, 1]	191	0	3	L
3637.6808	[1, 0, 0, 1, 0]	191	0	3	L
3637.7573	[0, 0, 0, 0, 1]	191	0	3	L
3637.8733	[0, 1, 0, 1, 0]	191	0	3	L
3637.9598	[0, 0, 0, 0, 1]	191	0	3	L
3638.0589	[0, 0, 0, 1, 0]	191	0	3	L
3638.2006	[1, 0, 1, 0, 1]	191	0	3	L
3638.2554	[0, 0, 0, 1, 1]	191	0	3	L
3638.3748	[0, 0, 0, 1, 1]	191	0	3	L
3638.4635	[1, 0, 1, 0, 1]	191	0	3	L
3638.5665	[1, 0, 0, 0, 1]	191	0	3	L
3638.6827	[0, 0, 0, 0, 0]	191	0	3	L
3638.7658	[0, 1, 0, 1, 1]	191	0	3	I
3638.8574	[0, 1, 0, 0, 0]	191	0	3	I
3638.9801	[1, 0, 0, 1, 0]	191	0	3	I
3639.0663	[1, 0, 0, 0, 0]	191	0	3	I
3639.1824	[1, 0, 1, 0, 1]	191	0	3	I
3639.2587	[0, 0, 1, 0, 0]	191	0	3	I
3639.3678	[0, 0, 0, 0, 0]	191	0	3	I
3639.4955	[1, 0, 0, 1, 0]	191	0	3	I
3639.5581	[1, 0, 1, 0, 0]	191	0	3	I
3639.6634	[1, 0, 0, 0, 1]	191	0	3	I
3639.7791	[0, 1, 0, 1, 1]	191	0	3	I
3639.8779	[0, 0, 0, 1, 1]	191	0	3	I
3639.9779	[0, 1, 1, 0, 0]	191	0	3	I
3640.0635	[0, 0, 0, 1, 1]	191	0	3	I
3640.1805	[1, 0, 0, 1, 1]	191	0	3	I
3640.2861	[1, 0, 1, 0, 0]	191	0	3	I
3640.3672	[1, 0, 0, 0, 0]	191	0	3	I
3640.4774	[0, 1, 0, 0, 1]	191	0	3	I
3640.5590	[0, 1, 1, 0, 1]	191	0	3	I
3640.6926	[1, 0, 1, 0, 1]	191	0	3	I
3640.7728	[0, 1, 0, 0, 0]	191	0	3	I
3640.8762	[0, 1, 1, 0, 1]	191	0	3	I
3640.9677	[0, 0, 0, 1, 1]	191	0	3	I
3641.0666	[0, 0, 1, 0, 0]	191	0	3	I
3641.1858	[0, 0, 0, 1, 1]	191	0	3	I
3641.2802	[0, 1, 1, 0, 1]	191	0	3	I
3641.3774	[1, 0, 0, 0, 1]	191	0	3	I
3641.4616	[0, 0, 0, 1, 1]	191	0	3	I
3641.5722	[1, 0, 0, 0, 1]	191	0	3	I
3641.6665	[0, 0, 1, 0, 0]	191	0	3	I
3641.7708	[0, 0, 0, 0, 1]	191	0	3	I
3641.8902	[0, 0, 0, 0, 1]	191	0	3	I
3641.9695	[0, 1, 1, 0, 1]	191	0	3	I
3642.0970	[1, 0, 0, 0, 1]	191	0	3	I
3642.1693	[1, 0, 1, 0, 1]	191	0	3	I
3642.2687	[0, 0, 0, 0, 1]	191	0	3	I
3642.3647	[1, 0, 1, 0, 1]	191	0	3	I
3642.4632	[0, 1, 0, 0, 0]	191	0	3	I
3642.5721	[0, 0, 0, 1, 0]	191	0	3	I
3642.6595	[1, 0, 0, 0, 1]	191	0	3	I
3642.7828	[0, 1, 0, 1, 1]	191	0	3	I
3642.8629	[1, 0, 1, 0, 1]	191	0	3	I
3642.9928	[0, 1, 0, 0, 0]	191	0	3	I
3643.0706	[0, 0, 1, 0, 1]	191	0	3	I
3643.1813	[0, 0, 0, 1, 1]	254	0	4	I
3643.2582	[1, 0, 0, 0, 1]	254	0	4	I
3643.3566	[1, 0, 0, 0, 1]	254	0	4	I
3643.4870	[0, 0, 0, 0, 1]	254	0	4	I
3643.5727	[1, 0, 0, 1, 1]	254	0	4	I
3643.6831	[0, 1, 1, 0, 1]	254	0	4	I
3643.7607	[0, 0, 1, 0, 0]	254	0	4	I
3643.8600	[1, 0, 0, 0, 1]	254	0	4	I
3643.9659	[1, 0, 0, 1, 0]	254	0	4	I
3644.0674	[0, 0, 0, 0, 0]	254	0	4	I
3644.1904	[1, 0, 0, 0, 0]	254	0	4	I
3644.2668	[0, 0, 0, 1, 0]	254	0	4	I
3644.3730	[0, 0, 0, 0, 1]	254	0	4	I
3644.4578	[0, 1, 0, 0, 1]	254	0	4	I
3644.5651	[1, 0, 0, 1, 1]	254	0	4	S
3644.6896	[1, 0, 1, 0, 0]	254	0	4	S
3644.7661	[1, 0, 1, 0, 0]	254	0	4	S
3644.8757	[1, 0, 0, 0, 1]	254	0	4	S
3644.9617	[0, 1, 0, 0, 0]	254	0	4	S
3645.0582	[0, 1, 1, 0, 0]	254	0	4	S
3645.1833	[1, 0, 0, 0, 1]	254	0	4	S
3645.2710	[0, 0, 0, 0, 0]	254	0	4	S
3645.3897	[0, 1, 0, 0, 0]	254	0	4	S
3645.4652	[0, 1, 1, 0, 1]	254	0	4	S
3645.5846	[0, 1, 0, 1, 0]	254	0	4	S
3645.6767	[0, 1, 0, 1, 0]	254	0	4	S
3645.7631	[0, 0, 0, 1, 0]	254	0	4	S
3645.8612	[0, 0, 1, 0, 1]	254	0	4	S
3645.9738	[0, 0, 0, 0, 0]	254	0	4	S
3646.0782	[0, 1, 0, 1, 1]	254	0	4	S
3646.1727	[0, 1, 0, 1, 1]	254	0	4	S
3646.2949	[1, 0, 0, 1, 0]	254	0	4	S
3646.3932	[0, 1, 1, 0, 0]	318	0	5	S
3646.4770	[1, 0, 0, 0, 1]	318	0	5	S
3646.5761	[0, 0, 0, 0, 0]	318	0	5	S
3646.6639	[1, 0, 0, 0, 0]	318	0	5	S
3646.7759	[0, 1, 1, 0, 0]	318	0	5	S
3646.8645	[0, 0, 0, 0, 1]	318	0	5	S
3646.9608	[0, 0, 0, 0, 0]	318	0	5	S
3647.0718	[1, 0, 0, 0, 0]	318	0	5	S
3647.1613	[0, 0, 0, 1, 1]	318	0	5	S
3647.2621	[0, 1, 0, 0, 0]	318	0	5	S
3647.3613	[0, 0, 0, 0, 1]	318	0	5	S
3647.4766	[1, 0, 0, 0, 0]	318	0	5	S
3647.5739	[0, 0, 1, 0, 1]	318	0	5	S
3647.6766	[0, 0, 0, 1, 0]	318	0	5	S
3647.7646	[0, 1, 0, 1, 0]	318	0	5	S
3647.8799	[1, 0, 0, 0, 1]	318	0	5	Z
3647.9630	[0, 1, 0, 0, 0]	318	0	5	Z
3648.1025	[0, 0, 1, 0, 1]	318	0	5	Z
3648.1627	[0, 0, 0, 0, 0]	318	0	5	Z
3648.2698	[0, 1, 0, 0, 0]	318	0	5	Z
3648.3639	[0, 0, 1, 0, 0]	318	0	5	Z
3648.4562	[0, 0, 1, 0, 1]	318	0	5	Z
3648.5789	[0, 1, 1, 0, 0]	318	0	5	Z
3648.6814	[0, 1, 0, 0, 1]	318	0	5	Z
3648.7670	[1, 0, 1, 0, 1]	318	0	5	Z
3648.8617	[0, 1, 0, 0, 1]	318	0	5	Z
3648.9666	[0, 0, 0, 1, 0]	318	0	5	Z
3649.0817	[0, 1, 0, 0, 1]	318	0	5	Z
3649.1687	[0, 0, 0, 1, 1]	318	0	5	Z
3649.2885	[0, 1, 0, 0, 0]	318	0	5	Z
3649.3736	[0, 1, 0, 0, 0]	318	0	5	Z
3649.4653	[0, 1, 0, 1, 0]	318	0	5	Z
3649.5660	[0, 0, 0, 0, 1]	318	0	5	Z
3649.6605	[0, 0, 0, 0, 0]	506	0	7	Z
3649.7759	[0, 1, 1, 0, 0]	506	0	7	Z
3649.8650	[0, 0, 0, 0, 1]	506	0	7	Z
3649.9774	[0, 1, 1, 0, 0]	506	0	7	Z
3650.0626	[0, 0, 0, 0, 1]	506	0	7	Z
3650.1655	[0, 0, 0, 1, 0]	506	0	7	Z
3650.2753	[0, 1, 0, 1, 0]	506	0	7	Z
3650.3738	[1, 0, 0, 1, 0]	506	0	7	Z
3650.4555	[0, 0, 1, 0, 0]	506	0	7	Z
3650.5578	[0, 1, 0, 1, 1]	506	0	7	Z
3650.6626	[0, 0, 0, 1, 1]	506	0	7	Z
3650.7919	[0, 1, 0, 1, 0]	506	0	7	Z
3650.8900	[0, 1, 0, 0, 0]	506	0	7	Z
3650.9770	[0, 0, 0, 1, 0]	506	0	7	Z
3651.0780	[0, 1, 1, 0, 1]	506	0	7	Z
3651.1812	[1, 0, 0, 0, 0]	506	0	7	Z
3651.2630	[0, 1, 0, 0, 0]	506	0	7	Z
3651.3725	[0, 0, 0, 0, 0]	506	0	7	Z
3651.4843	[0, 0, 1, 0, 1]	506	0	7	Z
3651.5975	[0, 1, 1, 0, 1]	506	0	7	Z
3651.6655	[0, 1, 1, 0, 0]	506	0	7	Z
3651.7857	[1, 0, 0, 0, 0]	506	0	7	Z
3651.8623	[0, 0, 0, 0, 0]	506	0	7	Z
3651.9667	[0, 0, 0, 1, 0]	506	0	7	Z
3652.0861	[0, 1, 0, 1, 1]	506	0	7	Z
3652.1625	[0, 1, 0, 1, 1]	506	0	7	Z
3652.2803	[0, 1, 1, 0, 1]	506	0	7	Z
3652.3751	[0, 1, 1, 0, 0]	506	0	7	Z
3652.4721	[0, 0, 1, 0, 1]	506	0	7	Z
3652.5795	[0, 1, 0, 1, 1]	506	0	7	Z
3652.6591	[1, 0, 0, 0, 1]	506	0	7	Z
3652.7820	[0, 1, 0, 1, 1]	506	0	7	Z
3652.8729	[0, 1, 0, 0, 0]	693	0	9	Z
3652.9892	[0, 0, 1, 0, 0]	693	0	9	Z
3653.0621	[0, 1, 1, 0, 1]	693	0	9	Z
3653.1887	[1, 0, 0, 1, 1]	693	0	9	Z
3653.2677	[0, 0, 0, 1, 0]	693	0	9	Z
3653.3600	[1, 0, 0, 0, 1]	693	0	9	Z
3653.4899	[0, 0, 0, 1, 1]	693	0	9	Z
3653.5776	[0, 1, 1, 0, 0]	693	0	9	Z
3653.6956	[0, 0, 1, 0, 1]	693	0	9	Z
3653.7777	[1, 0, 0, 0, 1]	693	0	9	Z
3653.8792	[0, 1, 0, 0, 0]	693	0	9	Z
3653.9711	[0, 1, 1, 0, 1]	693	0	9	Z
3654.0676	[0, 0, 0, 1, 1]	693	0	9	Z
3654.1800	[0, 1, 0, 1, 0]	693	0	9	Z
3654.2855	[1, 0, 1, 0, 1]	693	0	9	J
3654.3682	[1, 0, 0, 0, 0]	693	0	9	J
3654.4926	[0, 0, 0, 1, 1]	693	0	9	J
3654.5680	[0, 1, 1, 0, 0]	693	0	9	J
3654.6844	[0, 1, 1, 0, 0]	693	0	9	J
3654.7713	[1, 0, 0, 1, 1]	693	0	9	J
3654.8672	[0, 1, 1, 0, 0]	693	0	9	J
3654.9766	[0, 0, 1, 0, 0]	693	0	9	J
3655.0670	[0, 1, 1, 0, 0]	693	0	9	J
3655.1800	[1, 0, 0, 1, 1]	693	0	9	J
3655.2641	[0, 0, 0, 1, 0]	693	0	9	J
3655.3856	[0, 0, 0, 1, 1]	693	0	9	J
3655.4623	[0, 1, 1, 0, 1]	693	0	9	J
3655.5578	[1, 0, 0, 1, 1]	693	0	9	J
3655.6615	[0, 1, 0, 1, 0]	693	0	9	J
3655.7647	[0, 1, 0, 1, 1]	693	0	9	J
3655.8808	[1, 0, 1, 0, 1]	693	0	9	J
3655.9624	[0, 1, 0, 1, 1]	693	0	9	J
3656.0634	[1, 0, 0, 1, 0]	693	0	9	J
3656.1704	[0, 0, 0, 0, 1]	693	0	9	J
3656.2631	[0, 0, 1, 0, 1]	758	1	10	J
3656.3897	[0, 0, 1, 0, 1]	758	1	10	J
3656.4594	[0, 1, 0, 1, 0]	758	1	10	J
3656.5710	[0, 1, 0, 1, 0]	758	1	10	J
3656.6614	[0, 0, 0, 1, 1]	758	1	10	J
3656.7755	[0, 0, 1, 0, 1]	758	1	10	J
3656.8624	[1, 0, 0, 1, 1]	758	1	10	J
3656.9600	[1, 0, 0, 1, 1]	758	1	10	J
3657.0632	[0, 0, 0, 1, 0]	758	1	10	J
3657.1791	[1, 0, 0, 1, 1]	758	1	10	J
3657.2799	[0, 1, 0, 1, 1]	758	1	10	J
3657.3740	[0, 1, 0, 1, 0]	758	1	10	J
3657.4635	[0, 1, 0, 1, 1]	758	1	10	J
3657.5890	[1, 0, 1, 0, 0]	758	1	10	L
3657.6784	[1, 0, 0, 1, 0]	758	1	10	L
3657.7757	[0, 1, 0, 1, 0]	758	1	10	L
3657.8554	[0, 1, 1, 0, 1]	758	1	10	L
3657.9770	[1, 0, 0, 0, 1]	758	1	10	L
3658.0847	[0, 0, 0, 0, 0]	758	1	10	L
3658.1702	[0, 0, 1, 0, 1]	758	1	10	L
3658.2803	[0, 1, 1, 0, 0]	758	1	10	L
3658.3859	[0, 0, 1, 0, 0]	758	1	10	L
3658.4609	[0, 1, 0, 1, 0]	758	1	10	L
3658.5551	[0, 0, 1, 0, 0]	758	1	10	L
3658.6668	[1, 0, 0, 1, 1]	758	1	10	L
3658.7762	[0, 0, 1, 0, 0]	758	1	10	L
3658.8817	[0, 0, 1, 0, 1]	758	1	10	L
3659.0014	[0, 1, 1, 0, 0]	758	1	10	L
3659.0764	[0, 1, 0, 1, 1]	758	1	10	L
3659.1695	[1, 0, 0, 1, 1]	758	1	10	L
3659.2811	[0, 0, 0, 0, 0]	758	1	10	L
3659.3662	[0, 0, 1, 0, 1]	758	1	10	L
3659.4792	[0, 1, 1, 0, 1]	758	1	10	L
3659.5600	[1, 0, 0, 0, 1]	758	1	10	L
3659.6931	[1, 0, 0, 0, 0]	758	1	10	L
3659.7718	[1, 0, 0, 1, 0]	758	1	10	L
3659.8631	[0, 1, 1, 0, 1]	758	1	10	L
3659.9825	[1, 0, 1, 0, 1]	758	1	10	L
3660.0600	[0, 1, 0, 0, 1]	758	1	10	L
3660.1639	[1, 0, 0, 1, 1]	758	1	10	L
3660.2899	[1, 0, 1, 0, 0]	758	1	10	L
3660.3774	[0, 1, 0, 0, 0]	758	1	10	L
3660.4703	[1, 0, 0, 1, 0]	758	1	10	L
3660.5632	[0, 1, 1, 0, 1]	758	1	10	L
3660.6749	[0, 0, 1, 0, 1]	758	1	10	L
3660.7725	[0, 0, 0, 0, 1]	822	1	11	L
3660.8586	[0, 0, 0, 0, 0]	822	1	11	L
3660.9844	[1, 0, 0, 1, 0]	822	1	11	L
3661.0899	[0, 1, 0, 1, 0]	822	1	11	L
3661.1760	[0, 0, 0, 1, 0]	822	1	11	L
3661.2833	[0, 0, 0, 1, 1]	822	1	11	L
3661.3679	[0, 1, 0, 1, 1]	822	1	11	L
3661.4669	[0, 0, 0, 1, 0]	822	1	11	L
3661.5907	[0, 0, 0, 0, 1]	822	1	11	L
3661.6592	[0, 1, 1, 0, 1]	822	1	11	L
3661.7578	[1, 0, 0, 1, 1]	822	1	11	L
3661.8996	[0, 1, 0, 0, 1]	822	1	11	L
3661.9756	[0, 1, 0, 0, 1]	822	1	11	L
3662.0760	[0, 0, 0, 0, 1]	822	1	11	L
3662.1609	[0, 1, 1, 0, 1]	822	1	11	T
3662.2623	[0, 0, 0, 0, 1]	822	1	11	T
3662.3802	[0, 1, 1, 0, 1]	822	1	11	T
3662.4662	[1, 0, 0, 0, 0]	822	1	11	T
3662.5644	[1, 0, 0, 1, 1]	822	1	11	T
3662.6809	[0, 0, 1, 0, 0]	822	1	11	T
3662.7645	[0, 0, 0, 0, 1]	822	1	11	T
3662.8723	[0, 1, 0, 1, 0]	822	1	11	T
3662.9610	[0, 1, 1, 0, 1]	822	1	11	T
3663.0810	[1, 0, 1, 0, 0]	822	1	11	T
3663.1701	[0, 1, 0, 0, 0]	822	1	11	T
3663.2654	[1, 0, 0, 0, 1]	822	1	11	T
3663.3652	[1, 0, 1, 0, 1]	822	1	11	T
3663.4611	[1, 0, 1, 0, 0]	822	1	11	T
3663.5808	[0, 1, 1, 0, 1]	822	1	11	T
3663.6632	[0, 0, 0, 1, 0]	822	1	11	T
3663.7807	[0, 1, 0, 0, 1]	822	1	11	T
3663.8605	[1, 0, 0, 1, 1]	822	1	11	T
3663.9623	[1, 0, 0, 1, 1]	822	1	11	T
3664.0659	[0, 0, 1, 0, 1]	822	1	11	T
3664.1662	[0, 0, 1, 0, 1]	822	1	11	T
3664.2626	[1, 0, 0, 1, 0]	822	1	11	T
3664.3691	[1, 0, 0, 1, 1]	822	1	11	T
3664.4645	[1, 0, 0, 0, 0]	822	1	11	T
3664.5771	[0, 1, 0, 1, 1]	822	1	11	T
3664.6642	[0, 0, 0, 1, 0]	822	1	11	T
3664.7875	[1, 0, 1, 0, 0]	822	1	11	T
3664.8780	[1, 0, 1, 0, 1]	822	1	11	T
3664.9555	[0, 0, 0, 0, 1]	887	1	12	T
3665.0567	[1, 0, 0, 1, 1]	887	1	12	T
3665.1702	[0, 1, 1, 0, 0]	887	1	12	T
3665.2766	[0, 0, 0, 1, 0]	887	1	12	T
3665.3613	[0, 0, 0, 1, 0]	887	1	12	T
3665.4600	[1, 0, 0, 1, 0]	887	1	12	T
3665.5976	[1, 0, 0, 1, 0]	887	1	12	T
3665.6612	[0, 1, 0, 0, 1]	887	1	12	T
3665.7762	[0, 1, 0, 1, 1]	887	1	12	T
3665.8619	[0, 0, 1, 0, 0]	887	1	12	T
3665.9733	[1, 0, 1, 0, 1]	887	1	12	T
3666.0772	[0, 1, 0, 0, 1]	887	1	12	T
3666.1626	[1, 0, 0, 1, 1]	887	1	12	T
3666.2669	[1, 0, 0, 0, 0]	887	1	12	T
3666.3795	[1, 0, 0, 0, 1]	887	1	12	T
3666.4634	[0, 1, 0, 1, 0]	887	1	12	T
3666.5663	[0, 1, 0, 0, 0]	887	1	12	T
3666.6657	[1, 0, 0, 0, 1]	887	1	12	T
3666.7650	[0, 1, 0, 0, 0]	887	1	12	T
3666.8927	[1, 0, 1, 0, 1]	887	1	12	T
3666.9591	[1, 0, 1, 0, 0]	887	1	12	T
3667.0809	[0, 1, 0, 1, 1]	887	1	12	T
3667.1773	[0, 0, 0, 1, 0]	887	1	12	T
3667.2631	[0, 1, 0, 1, 1]	887	1	12	T
3667.3830	[0, 1, 0, 1, 1]	887	1	12	T
3667.4668	[0, 0, 0, 0, 0]	887	1	12	T
3667.5623	[0, 0, 0, 1, 0]	887	1	12	T
3667.6864	[1, 0, 0, 1, 1]	887	1	12	T
3667.7540	[0, 1, 0, 1, 0]	887	1	12	T
3667.8864	[0, 0, 0, 1, 0]	887	1	12	T
3667.9593	[0, 1, 1, 0, 1]	887	1	12	T
3668.0636	[0, 0, 0, 0, 1]	887	1	12	T
3668.1675	[1, 0, 0, 0, 1]	887	1	12	T
3668.2602	[1, 0, 0, 0, 1]	887	1	12	T
3668.3999	[1, 0, 1, 0, 0]	887	1	12	T
3668.4588	[0, 1, 1, 0, 1]	887	1	12	T
3668.5866	[0, 1, 0, 1, 1]	887	1	12	T
3668.6694	[1, 0, 1, 0, 0]	887	1	12	T
3668.7642	[1, 0, 0, 0, 1]	887	1	12	T
3668.8784	[1, 0, 1, 0, 0]	887	1	12	T
3668.9709	[0, 1, 0, 0, 0]	887	1	12	T
3669.0655	[0, 0, 0, 0, 1]	887	1	12	T
3669.1783	[0, 0, 1, 0, 1]	887	1	12	T
3669.2565	[0, 1, 0, 1, 0]	887	1	12	T
3669.3598	[0, 0, 1, 0, 1]	887	1	12	T
3669.4799	[1, 0, 0, 0, 1]	952	1	13	T
3669.5714	[0, 1, 0, 1, 1]	952	1	13	T
3669.6800	[0, 0, 0, 1, 1]	952	1	13	T
3669.7736	[0, 1, 0, 1, 0]	952	1	13	T
3669.8602	[0, 0, 0, 1, 1]	952	1	13	T
3669.9786	[0, 1, 0, 0, 1]	952	1	13	T
3670.0612	[0, 0, 0, 1, 1]	952	1	13	T
3670.2031	[0, 1, 1, 0, 1]	952	1	13	T
3670.2825	[0, 0, 1, 0, 0]	952	1	13	T
3670.3623	[0, 1, 0, 1, 0]	952	1	13	T
3670.4914	[1, 0, 1, 0, 0]	952	1	13	T
3670.5651	[1, 0, 1, 0, 1]	952	1	13	T
3670.6844	[1, 0, 0, 1, 1]	952	1	13	T
3670.7797	[0, 0, 1, 0, 0]	952	1	13	T
3670.8658	[1, 0, 0, 1, 0]	952	1	13	O
3670.9804	[0, 1, 0, 0, 0]	952	1	13	O
3671.0690	[0, 1, 0, 0, 0]	952	1	13	O
3671.1669	[0, 1, 0, 1, 1]	952	1	13	O
3671.2730	[1, 0, 1, 0, 0]	952	1	13	O
3671.3668	[1, 0, 1, 0, 0]	952	1	13	O
3671.4628	[0, 0, 0, 1, 0]	952	1	13	O
3671.5803	[0, 0, 0, 0, 0]	952	1	13	O
3671.6601	[0, 0, 1, 0, 0]	952	1	13	O
3671.7794	[1, 0, 0, 1, 0]	952	1	13	O
3671.8766	[0, 0, 1, 0, 0]	952	1	13	O
3671.9624	[1, 0, 0, 1, 0]	952	1	13	O
3672.1051	[0, 1, 0, 1, 1]	952	1	13	O
3672.1558	[1, 0, 0, 1, 0]	952	1	13	O
3672.2716	[0, 0, 0, 0, 0]	952	1	13	O
3672.3842	[0, 0, 0, 0, 0]	952	1	13	O
3672.4712	[0, 0, 0, 0, 0]	952	1	13	O
3672.5879	[1, 0, 0, 1, 1]	952	1	13	O
3672.6771	[0, 0, 0, 1, 0]	952	1	13	O
3672.7842	[0, 0, 1, 0, 1]	952	1	13	O
3672.8817	[0, 1, 1, 0, 1]	952	1	13	O
3672.9659	[1, 0, 1, 0, 1]	952	1	13	O
3673.0559	[0, 1, 0, 0, 1]	952	1	13	O
3673.1661	[0, 0, 0, 1, 0]	952	1	13	O
3673.2787	[0, 0, 0, 0, 0]	952	1	13	O
3673.3640	[0, 1, 0, 1, 1]	952	1	13	O
3673.4574	[1, 0, 0, 0, 1]	952	1	13	O
3673.5747	[0, 0, 0, 0, 1]	952	1	13	O
3673.6678	[1, 0, 1, 0, 1]	952	1	13	O
3673.7787	[1, 0, 0, 1, 1]	952	1	13	O
3673.8609	[0, 0, 0, 1, 1]	952	1	13	O
3673.9703	[0, 1, 0, 0, 1]	952	1	13	O
3674.0766	[0, 1, 0, 1, 0]	952	1	13	O
3674.1628	[1, 0, 1, 0, 0]	952	1	13	L
3674.2555	[1, 0, 0, 0, 1]	952	1	13	L
3674.3815	[1, 0, 0, 0, 0]	952	1	13	L
3674.4563	[0, 1, 0, 0, 1]	952	1	13	L
3674.5728	[0, 1, 0, 1, 1]	952	1	13	L
3674.6738	[0, 1, 0, 0, 1]	952	1	13	L
3674.7781	[0, 1, 0, 1, 0]	952	1	13	L
3674.8631	[1, 0, 0, 1, 1]	952	1	13	L
3674.9613	[0, 1, 0, 1, 1]	952	1	13	L
3675.0656	[1, 0, 1, 0, 1]	952	1	13	L
3675.1758	[0, 0, 0, 0, 1]	952	1	13	L
3675.2752	[0, 1, 0, 0, 0]	952	1	13	L
3675.3641	[0, 1, 1, 0, 0]	952	1	13	L
3675.4942	[0, 1, 0, 0, 1]	952	1	13	L
3675.5629	[1, 0, 0, 1, 0]	952	1	13	L
3675.6629	[1, 0, 0, 1, 1]	952	1	13	L
3675.7781	[0, 1, 0, 1, 1]	952	1	13	L
3675.8576	[0, 0, 0, 0, 1]	952	1	13	L
3675.9589	[0, 1, 1, 0, 1]	952	1	13	L
3676.0863	[0, 0, 1, 0, 0]	952	1	13	L
3676.1714	[0, 0, 0, 0, 0]	952	1	13	L
3676.2647	[1, 0, 0, 1, 1]	952	1	13	L
3676.3613	[1, 0, 0, 0, 0]	952	1	13	L
3676.4613	[0, 0, 0, 0, 0]	952	1	13	L
3676.5854	[0, 1, 1, 0, 0]	952	1	13	L
3676.6832	[0, 1, 0, 1, 0]	952	1	13	L
3676.7752	[1, 0, 0, 1, 1]	952	1	13	L
3676.8739	[0, 0, 0, 1, 1]	952	1	13	L
3676.9558	[0, 1, 1, 0, 1]	952	1	13	L
3677.0903	[1, 0, 1, 0, 1]	952	1	13	L
3677.1747	[0, 0, 0, 0, 0]	952	1	13	L
3677.2655	[1, 0, 1, 0, 0]	952	1	13	L
3677.3813	[1, 0, 0, 0, 0]	952	1	13	L
3677.4579	[1, 0, 0, 0, 0]	952	1	13	L
3677.5742	[0, 0, 1, 0, 0]	952	1	13	L
3677.6703	[1, 0, 1, 0, 1]	952	1	13	L
3677.7566	[0, 1, 1, 0, 1]	952	1	13	L
3677.8750	[0, 1, 1, 0, 0]	952	1	13	L
3677.9591	[1, 0, 1, 0, 0]	952	1	13	L
3678.0830	[0, 0, 0, 0, 1]	952	1	13	L
3678.1708	[0, 1, 0, 0, 0]	952	1	13	L
3678.2579	[1, 0, 0, 0, 0]	952	1	13	L
3678.3803	[1, 0, 1, 0, 0]	952	1	13	L
3678.4623	[0, 0, 0, 1, 0]	952	1	13	L
3678.5777	[1, 0, 1, 0, 1]	952	1	13	L
3678.6588	[1, 0, 0, 0, 0]	952	1	13	L
3678.7692	[0, 0, 0, 0, 0]	952	1	13	L
3678.8804	[0, 0, 0, 1, 1]	952	1	13	L
3678.9600	[0, 0, 0, 0, 0]	952	1	13	L
3679.0753	[1, 0, 0, 1, 0]	952	1	13	L
3679.1637	[0, 0, 1, 0, 1]	952	1	13	L
3679.2580	[1, 0, 0, 0, 0]	952	1	13	L
3679.3610	[1, 0, 1, 0, 0]	952	1	13	L
3679.4622	[0, 1, 1, 0, 1]	952	1	13	L
3679.5755	[0, 1, 1, 0, 1]	952	1	13	L
3679.6581	[0, 1, 1, 0, 0]	952	1	13	L
3679.7642	[0, 0, 1, 0, 1]	952	1	13	L
3679.8661	[1, 0, 0, 0, 1]	952	1	13	L
3679.9569	[0, 1, 0, 1, 0]	952	1	13	L
3680.0894	[0, 1, 1, 0, 0]	952	1	13	L
3680.1627	[1, 0, 1, 0, 1]	952	1	13	Z
3680.2758	[0, 1, 0, 1, 0]	952	1	13	Z
3680.3598	[0, 1, 1, 0, 1]	952	1	13	Z
3680.4613	[0, 0, 1, 0, 1]	952	1	13	Z
3680.5807	[0, 0, 0, 0, 1]	952	1	13	Z
3680.6733	[0, 1, 1, 0, 0]	952	1	13	Z
3680.7823	[1, 0, 0, 1, 1]	952	1	13	Z
3680.8678	[0, 0, 0, 1, 1]	952	1	13	Z
3680.9643	[1, 0, 0, 1, 1]	952	1	13	Z
3681.0789	[1, 0, 1, 0, 0]	952	1	13	Z
3681.1638	[0, 1, 0, 1, 1]	952	1	13	Z
3681.2828	[0, 1, 0, 0, 0]	952	1	13	Z
3681.3590	[0, 1, 0, 1, 0]	952	1	13	Z
3681.4780	[0, 0, 0, 1, 0]	952	1	13	Z
3681.5574	[1, 0, 0, 1, 0]	952	1	13	Z
3681.6689	[0, 0, 0, 0, 1]	952	1	13	Z
3681.7796	[1, 0, 0, 0, 1]	952	1	13	Z
3681.8618	[0, 1, 0, 0, 1]	952	1	13	Z
3681.9911	[0, 1, 1, 0, 0]	952	1	13	Z
3682.0636	[0, 0, 0, 1, 0]	952	1	13	Z
3682.1713	[0, 0, 1, 0, 0]	952	1	13	Z
3682.2554	[0, 1, 0, 1, 0]	952	1	13	Z
3682.3636	[0, 0, 0, 0, 1]	952	1	13	Z
3682.4874	[0, 1, 1, 0, 1]	952	1	13	Z
3682.5832	[0, 0, 0, 1, 0]	952	1	13	Z
3682.7047	[1, 0, 0, 1, 1]	952	1	13	Z
3682.7538	[0, 1, 0, 0, 1]	952	1	13	L
3682.8731	[0, 0, 1, 0, 0]	952	1	13	L
3682.9645	[1, 0, 1, 0, 0]	952	1	13	L
3683.0746	[0, 1, 0, 1, 0]	952	1	13	L
3683.1640	[0, 1, 1, 0, 0]	952	1	13	L
3683.2887	[0, 1, 1, 0, 1]	952	1	13	L
3683.3558	[1, 0, 0, 1, 1]	952	1	13	L
3683.4796	[0, 1, 1, 0, 1]	952	1	13	L
3683.5903	[0, 1, 0, 0, 1]	952	1	13	L
3683.6863	[0, 0, 0, 1, 0]	952	1	13	L
3683.7666	[1, 0, 1, 0, 0]	952	1	13	L
3683.8868	[1, 0, 1, 0, 1]	952	1	13	L
3683.9826	[1, 0, 1, 0, 1]	952	1	13	L
3684.0969	[1, 0, 0, 1, 1]	952	1	13	L
3684.1758	[0, 0, 0, 1, 0]	952	1	13	L
3684.2830	[0, 1, 0, 0, 1]	952	1	13	L
3684.3811	[0, 1, 0, 1, 1]	952	1	13	L
3684.4571	[1, 0, 0, 0, 1]	952	1	13	L
3684.5770	[0, 1, 0, 0, 0]	952	1	13	L
3684.6614	[0, 0, 1, 0, 1]	952	1	13	L
3684.7785	[1, 0, 0, 1, 1]	952	1	13	L
3684.8608	[0, 0, 0, 0, 1]	952	1	13	L
3684.9757	[0, 0, 0, 1, 1]	952	1	13	L
3685.0821	[0, 0, 0, 0, 0]	952	1	13	L
3685.1666	[1, 0, 0, 1, 1]	952	1	13	L
3685.2860	[0, 1, 0, 0, 0]	952	1	13	J
3685.3634	[0, 1, 0, 1, 1]	952	1	13	J
3685.4640	[0, 1, 1, 0, 1]	952	1	13	J
3685.5749	[0, 1, 0, 0, 0]	952	1	13	J
3685.6628	[0, 0, 1, 0, 0]	952	1	13	J
3685.7677	[0, 0, 0, 1, 1]	952	1	13	J
3685.8789	[1, 0, 0, 1, 1]	952	1	13	J
3685.9667	[0, 1, 1, 0, 0]	952	1	13	J
3686.0760	[0, 0, 1, 0, 0]	952	1	13	J
3686.1688	[0, 1, 0, 1, 1]	952	1	13	J
3686.2758	[0, 1, 0, 1, 1]	952	1	13	J
3686.3637	[1, 0, 0, 0, 0]	952	1	13	J
3686.4749	[0, 0, 0, 0, 1]	952	1	13	J
3686.5612	[1, 0, 1, 0, 0]	952	1	13	J
3686.6826	[1, 0, 0, 0, 1]	952	1	13	J
3686.7556	[1, 0, 1, 0, 1]	952	1	13	J
3686.8609	[0, 0, 1, 0, 1]	952	1	13	J
3686.9858	[0, 1, 0, 1, 1]	952	1	13	J
3687.0607	[1, 0, 1, 0, 1]	952	1	13	J
3687.1900	[1, 0, 0, 0, 1]	952	1	13	J
3687.2555	[1, 0, 0, 1, 0]	952	1	13	J
3687.3603	[0, 1, 0, 1, 0]	952	1	13	J
3687.4884	[0, 1, 0, 1, 0]	952	1	13	O
3687.5698	[0, 1, 1, 0, 1]	952	1	13	O
3687.6703	[1, 0, 0, 0, 0]	952	1	13	O
3687.7808	[1, 0, 0, 0, 0]	952	1	13	O
3687.8639	[0, 0, 0, 1, 1]	952	1	13	O
3687.9902	[0, 1, 0, 0, 1]	952	1	13	O
3688.0675	[0, 0, 0, 1, 1]	952	1	13	O
3688.1601	[0, 1, 1, 0, 0]	952	1	13	O
3688.2807	[0, 1, 1, 0, 1]	952	1	13	O
3688.3711	[1, 0, 1, 0, 1]	952	1	13	O
3688.4763	[0, 1, 0, 1, 1]	952	1	13	O
3688.5966	[0, 0, 0, 0, 1]	952	1	13	O
3688.6585	[0, 1, 1, 0, 1]	952	1	13	O
3688.7790	[0, 0, 0, 0, 1]	952	1	13	O
3688.8766	[0, 1, 1, 0, 0]	952	1	13	O
3688.9751	[1, 0, 0, 0, 1]	952	1	13	O
3689.0626	[1, 0, 0, 1, 1]	952	1	13	O
3689.1804	[1, 0, 0, 1, 0]	952	1	13	O
3689.2594	[1, 0, 0, 0, 0]	952	1	13	O
3689.3805	[0, 0, 1, 0, 1]	952	1	13	O
3689.4646	[0, 0, 1, 0, 1]	952	1	13	Z
3689.5868	[0, 0, 0, 1, 1]	952	1	13	Z
3689.6649	[0, 1, 0, 1, 0]	952	1	13	Z
3689.7700	[0, 1, 0, 1, 1]	952	1	13	Z
3689.8669	[1, 0, 0, 1, 1]	952	1	13	Z
3689.9633	[0, 1, 0, 0, 1]	952	1	13	Z
3690.0837	[0, 0, 1, 0, 1]	952	1	13	Z
3690.1741	[0, 0, 0, 0, 1]	952	1	13	Z
3690.2589	[0, 1, 1, 0, 0]	952	1	13	Z
3690.3598	[0, 0, 0, 0, 1]	952	1	13	Z
3690.4580	[0, 0, 1, 0, 0]	952	1	13	Z
3690.5779	[0, 1, 0, 1, 0]	952	1	13	Z
3690.6655	[1, 0, 0, 0, 0]	952	1	13	Z
3690.7688	[1, 0, 1, 0, 1]	952	1	13	Z
3690.8620	[0, 0, 0, 0, 0]	952	1	13	Z
3690.9609	[0, 1, 0, 1, 1]	952	1	13	Z
3691.0762	[0, 0, 1, 0, 0]	952	1	13	Z
3691.1819	[0, 1, 1, 0, 0]	952	1	13	Z
3691.2746	[1, 0, 0, 0, 0]	952	1	13	Z
3691.3755	[0, 1, 1, 0, 0]	952	1	13	Z
3691.4576	[0, 1, 0, 1, 1]	952	1	13	Z
3691.5719	[0, 0, 0, 1, 0]	952	1	13	Z
3691.6620	[0, 1, 0, 0, 0]	952	1	13	Z
3691.7781	[0, 0, 1, 0, 0]	952	1	13	Z
3691.8552	[0, 1, 0, 0, 0]	952	1	13	Z
3691.9796	[0, 0, 0, 0, 1]	952	1	13	Z
3692.0799	[0, 0, 0, 1, 1]	952	1	13	Z
3692.1805	[0, 1, 1, 0, 1]	952	1	13	Z
3692.2586	[1, 0, 0, 0, 0]	952	1	13	Z
3692.3611	[1, 0, 1, 0, 0]	952	1	13	Z
3692.4793	[1, 0, 0, 1, 0]	952	1	13	Z
3692.5575	[1, 0, 0, 0, 1]	952	1	13	Z
3692.6577	[0, 1, 0, 0, 0]	952	1	13	Z
3692.7665	[0, 1, 1, 0, 0]	952	1	13	Z
3692.8566	[0, 0, 1, 0, 1]	952	1	13	Z
3692.9815	[0, 1, 0, 1, 1]	952	1	13	Z
3693.0601	[0, 1, 0, 1, 0]	952	1	13	Z
3693.1587	[0, 0, 0, 1, 0]	952	1	13	Z
3693.2760	[0, 0, 1, 0, 1]	952	1	13	Z
3693.3756	[1, 0, 0, 1, 1]	952	1	13	Z
3693.4806	[0, 0, 0, 1, 1]	952	1	13	Z
3693.5695	[0, 0, 0, 1, 0]	952	1	13	O
3693.6913	[0, 1, 0, 0, 0]	952	1	13	O
3693.7671	[0, 0, 0, 0, 1]	952	1	13	O
3693.8586	[1, 0, 1, 0, 0]	952	1	13	O
3693.9776	[0, 0, 1, 0, 0]	952	1	13	O
3694.0619	[1, 0, 0, 0, 0]	952	1	13	O
3694.1727	[0, 0, 0, 1, 1]	952	1	13	O
3694.2774	[0, 0, 0, 0, 0]	952	1	13	O
3694.3919	[1, 0, 0, 1, 0]	952	1	13	O
3694.4598	[0, 0, 0, 0, 1]	952	1	13	O
3694.5647	[1, 0, 1, 0, 0]	952	1	13	O
3694.6765	[0, 0, 0, 0, 0]	952	1	13	O
3694.7634	[1, 0, 0, 1, 1]	952	1	13	O
3694.8601	[1, 0, 0, 1, 1]	952	1	13	O
3694.9903	[0, 0, 0, 1, 1]	952	1	13	O
3695.0629	[0, 1, 0, 0, 1]	952	1	13	O
3695.1680	[0, 0, 0, 0, 1]	952	1	13	O
3695.2638	[0, 1, 0, 1, 0]	952	1	13	O
3695.3842	[1, 0, 0, 1, 0]	952	1	13	O
3695.4749	[0, 1, 1, 0, 0]	952	1	13	O
3695.5853	[0, 1, 1, 0, 1]	952	1	13	O
3695.6862	[1, 0, 1, 0, 0]	952	1	13	O
3695.7651	[0, 0, 1, 0, 0]	952	1	13	O
3695.8608	[0, 0, 1, 0, 0]	952	1	13	T
3695.9804	[0, 1, 0, 0, 0]	952	1	13	T
3696.0844	[1, 0, 0, 1, 0]	952	1	13	T
3696.1938	[0, 0, 0, 0, 0]	952	1	13	T
3696.2739	[0, 1, 0, 0, 1]	952	1	13	T
3696.3718	[0, 0, 1, 0, 1]	952	1	13	T
3696.4611	[1, 0, 0, 0, 1]	952	1	13	T
3696.5657	[0, 0, 0, 0, 1]	952	1	13	T
3696.6820	[0, 0, 0, 1, 1]	952	1	13	T
3696.7882	[1, 0, 1, 0, 1]	952	1	13	T
3696.8707	[1, 0, 0, 0, 0]	952	1	13	T
3696.9793	[0, 0, 0, 1, 1]	952	1	13	T
3697.0673	[0, 0, 0, 1, 0]	952	1	13	T
3697.1820	[1, 0, 1, 0, 0]	952	1	13	O
3697.2827	[0, 0, 0, 1, 1]	952	1	13	O
3697.3565	[0, 0, 1, 0, 1]	952	1	13	O
3697.4675	[0, 0, 0, 1, 1]	952	1	13	O
3697.5675	[0, 1, 1, 0, 0]	952	1	13	O
3697.6697	[1, 0, 0, 1, 1]	952	1	13	O
3697.7781	[1, 0, 0, 0, 1]	952	1	13	O
3697.8605	[0, 0, 0, 0, 0]	952	1	13	O
3697.9809	[0, 0, 0, 0, 1]	952	1	13	O
3698.0875	[0, 0, 0, 0, 0]	952	1	13	O
3698.1591	[0, 0, 0, 1, 0]	952	1	13	O
3698.2754	[1, 0, 0, 1, 0]	952	1	13	O
3698.3863	[0, 1, 0, 0, 1]	952	1	13	O
3698.4861	[0, 1, 0, 0, 1]	952	1	13	O
3698.5803	[1, 0, 1, 0, 1]	952	1	13	O
3698.6604	[0, 0, 1, 0, 1]	952	1	13	O
3698.7775	[0, 0, 0, 1, 0]	952	1	13	O
3698.8650	[1, 0, 0, 0, 0]	952	1	13	O
3698.9624	[0, 1, 0, 0, 0]	952	1	13	O
3699.0753	[0, 1, 0, 0, 0]	952	1	13	Z
3699.1626	[1, 0, 1, 0, 0]	952	1	13	Z
3699.2730	[1, 0, 0, 0, 0]	952	1	13	Z
3699.3569	[0, 0, 0, 0, 0]	952	1	13	Z
3699.4588	[0, 0, 0, 1, 0]	952	1	13	Z
3699.5821	[1, 0, 0, 1, 0]	952	1	13	Z
3699.6772	[0, 1, 1, 0, 0]	952	1	13	Z
3699.7595	[0, 1, 0, 1, 0]	952	1	13	Z
3699.8655	[1, 0, 0, 0, 1]	952	1	13	Z
3699.9824	[0, 0, 0, 1, 0]	952	1	13	Z
3700.0701	[0, 0, 0, 0, 0]	952	1	13	Z
3700.2028	[1, 0, 1, 0, 0]	952	1	13	Z
3700.2575	[0, 0, 0, 1, 1]	952	1	13	Z
3700.3911	[0, 0, 1, 0, 1]	952	1	13	Z
3700.4740	[0, 0, 0, 0, 0]	952	1	13	Z
3700.5629	[1, 0, 0, 0, 1]	952	1	13	Z
3700.6794	[1, 0, 0, 1, 1]	952	1	13	Z
3700.7699	[1, 0, 0, 0, 0]	952	1	13	Z
3700.8611	[0, 0, 1, 0, 1]	1142	1	15	Z
3700.9658	[0, 1, 0, 0, 1]	1142	1	15	Z
3701.0660	[1, 0, 0, 1, 0]	1142	1	15	Z
3701.1769	[0, 1, 0, 0, 0]	1142	1	15	Z
3701.2573	[0, 1, 0, 1, 1]	1142	1	15	Z
3701.3569	[0, 0, 0, 1, 1]	1142	1	15	Z
3701.4562	[0, 1, 0, 1, 0]	1142	1	15	Z
3701.5770	[1, 0, 1, 0, 1]	1142	1	15	Z
3701.6880	[0, 1, 0, 1, 1]	1142	1	15	Z
3701.7637	[1, 0, 1, 0, 0]	1142	1	15	Z
3701.8931	[0, 1, 0, 1, 0]	1142	1	15	Z
3701.9637	[0, 1, 0, 0, 0]	1142	1	15	Z
3702.0802	[1, 0, 1, 0, 0]	1142	1	15	Z
3702.1972	[0, 1, 0, 0, 1]	1142	1	15	Z
3702.2554	[0, 0, 0, 1, 0]	1142	1	15	O
3702.3826	[0, 1, 1, 0, 1]	1142	1	15	O
3702.4609	[0, 0, 0, 1, 0]	1142	1	15	O
3702.5565	[0, 1, 0, 1, 1]	1142	1	15	O
3702.6784	[0, 1, 1, 0, 0]	1142	1	15	O
3702.7570	[0, 0, 0, 0, 1]	1142	1	15	O
3702.8800	[0, 1, 0, 0, 0]	1142	1	15	O
3702.9650	[0, 0, 0, 1, 1]	1142	1	15	O
3703.0827	[0, 1, 0, 1, 0]	1142	1	15	O
3703.1623	[1, 0, 1, 0, 0]	1142	1	15	O
3703.2764	[0, 0, 1, 0, 0]	1142	1	15	O
3703.3618	[1, 0, 0, 1, 1]	1142	1	15	O
3703.4645	[0, 1, 1, 0, 0]	1142	1	15	O
3703.5858	[1, 0, 1, 0, 0]	1142	1	15	O
3703.6726	[0, 0, 0, 1, 1]	1142	1	15	O
3703.7809	[0, 0, 0, 1, 1]	1142	1	15	O
3703.8777	[0, 0, 0, 1, 1]	1142	1	15	O
3703.9853	[0, 1, 0, 0, 1]	1142	1	15	O
3704.0643	[0, 1, 0, 1, 0]	1142	1	15	O
3704.1600	[0, 0, 0, 0, 1]	1206	1	16	O
3704.2624	[1, 0, 1, 0, 0]	1206	1	16	O
3704.3579	[1, 0, 1, 0, 0]	1206	1	16	O
3704.4821	[0, 0, 0, 1, 0]	1206	1	16	O
3704.5584	[0, 1, 1, 0, 0]	1206	1	16	O
3704.6693	[0, 0, 0, 0, 0]	1206	1	16	O
3704.7820	[0, 0, 1, 0, 1]	1206	1	16	O
3704.8566	[0, 0, 1, 0, 0]	1206	1	16	O
3704.9768	[1, 0, 1, 0, 0]	1206	1	16	O
3705.0725	[0, 0, 1, 0, 1]	1206	1	16	O
3705.1678	[0, 1, 0, 0, 1]	1206	1	16	O
3705.2822	[1, 0, 0, 0, 1]	1206	1	16	O
3705.3663	[0, 0, 0, 1, 0]	1206	1	16	O
3705.4782	[0, 1, 0, 0, 1]	1206	1	16	J
3705.5546	[1, 0, 0, 0, 0]	1206	1	16	J
3705.6685	[0, 1, 1, 0, 1]	1206	1	16	J
3705.7755	[1, 0, 1, 0, 0]	1206	1	16	J
3705.8655	[0, 0, 0, 0, 1]	1206	1	16	J
3705.9828	[0, 1, 1, 0, 0]	1206	1	16	J
3706.0608	[1, 0, 1, 0, 0]	1206	1	16	J
3706.1597	[1, 0, 0, 1, 0]	1206	1	16	J
3706.2816	[0, 0, 1, 0, 1]	1206	1	16	J
3706.3589	[1, 0, 1, 0, 0]	1206	1	16	J
3706.4715	[0, 0, 0, 1, 0]	1206	1	16	J
3706.5680	[1, 0, 0, 1, 1]	1206	1	16	J
3706.6867	[1, 0, 0, 0, 1]	1206	1	16	J
3706.7764	[0, 0, 1, 0, 1]	1206	1	16	J
3706.8606	[1, 0, 0, 1, 0]	1206	1	16	J
3707.0005	[1, 0, 0, 1, 0]	1206	1	16	J
3707.0774	[0, 0, 0, 0, 0]	1206	1	16	J
3707.1927	[0, 0, 0, 0, 0]	1206	1	16	J
3707.2604	[0, 1, 1, 0, 1]	1206	1	16	J
3707.3796	[0, 1, 0, 0, 1]	1206	1	16	J
3707.4790	[1, 0, 0, 0, 0]	1206	1	16	J
3707.5628	[0, 0, 0, 1, 0]	1206	1	16	J
3707.6833	[0, 1, 1, 0, 0]	1206	1	16	J
3707.7797	[1, 0, 0, 1, 0]	1206	1	16	J
3707.8588	[1, 0, 1, 0, 1]	1206	1	16	J
3707.9704	[0, 1, 0, 1, 1]	1206	1	16	J
3708.0568	[0, 1, 1, 0, 0]	1206	1	16	J
3708.1876	[1, 0, 1, 0, 0]	1206	1	16	J
3708.2683	[0, 1, 0, 1, 0]	1206	1	16	J
3708.3744	[1, 0, 0, 1, 0]	1206	1	16	J
3708.4600	[0, 0, 0, 0, 0]	1206	1	16	J
3708.5604	[1, 0, 1, 0, 1]	1396	1	18	J
3708.6846	[1, 0, 0, 0, 0]	1396	1	18	J
3708.7610	[0, 0, 0, 0, 1]	1396	1	18	J
3708.8753	[0, 0, 0, 1, 1]	1396	1	18	J
3708.9672	[0, 0, 0, 0, 0]	1396	1	18	J
3709.0568	[1, 0, 0, 1, 1]	1396	1	18	J
3709.1750	[0, 0, 1, 0, 0]	1396	1	18	J
3709.2636	[1, 0, 1, 0, 1]	1396	1	18	J
3709.3723	[1, 0, 1, 0, 1]	1396	1	18	J
3709.4847	[1, 0, 1, 0, 1]	1396	1	18	J
3709.5652	[1, 0, 0, 0, 1]	1396	1	18	J
3709.6848	[1, 0, 0, 1, 1]	1396	1	18	J
3709.7652	[0, 0, 0, 0, 1]	1396	1	18	J
3709.8729	[0, 1, 1, 0, 1]	1396	1	18	S
3709.9771	[1, 0, 0, 1, 0]	1396	1	18	S
3710.0883	[0, 1, 1, 0, 1]	1396	1	18	S
3710.1589	[0, 0, 0, 1, 0]	1396	1	18	S
3710.2776	[1, 0, 1, 0, 1]	1396	1	18	S
3710.3902	[0, 1, 0, 1, 0]	1396	1	18	S
3710.4811	[0, 1, 1, 0, 0]	1396	1	18	S
3710.5805	[0, 1, 0, 0, 1]	1396	1	18	S
3710.6664	[0, 1, 0, 1, 1]	1396	1	18	S
3710.7580	[0, 0, 0, 1, 0]	1396	1	18	S
3710.8911	[0, 0, 1, 0, 1]	1396	1	18	S
3710.9713	[0, 1, 0, 1, 0]	1396	1	18	S
3711.0835	[1, 0, 0, 0, 1]	1396	1	18	S
3711.1682	[1, 0, 0, 1, 1]	1396	1	18	S
3711.2634	[0, 0, 1, 0, 0]	1396	1	18	S
3711.3845	[0, 1, 1, 0, 0]	1396	1	18	S
3711.4608	[0, 1, 0, 0, 1]	1396	1	18	S
3711.5772	[0, 0, 1, 0, 0]	1396	1	18	S
3711.6871	[1, 0, 0, 0, 1]	1396	1	18	S
3711.7585	[1, 0, 0, 0, 1]	1396	1	18	S
3711.8783	[0, 1, 1, 0, 1]	1396	1	18	S
3711.9625	[0, 0, 0, 0, 1]	1396	1	18	S
3712.0828	[0, 0, 0, 0, 1]	1396	1	18	S
3712.1613	[0, 1, 0, 1, 0]	1396	1	18	S
3712.2610	[0, 0, 1, 0, 1]	1396	1	18	S
3712.3843	[0, 0, 0, 0, 1]	1396	1	18	S
3712.4814	[0, 0, 1, 0, 0]	1396	1	18	S
3712.5692	[1, 0, 1, 0, 0]	1396	1	18	S
3712.6829	[0, 1, 0, 0, 1]	1396	1	18	S
3712.7668	[1, 0, 0, 1, 0]	1396	1	18	S
3712.8589	[1, 0, 0, 0, 1]	1396	1	18	S
3712.9876	[0, 1, 0, 1, 1]	1396	1	18	S
3713.0650	[1, 0, 0, 0, 0]	1396	1	18	S
3713.1822	[1, 0, 0, 1, 0]	1396	1	18	S
3713.2649	[0, 1, 0, 1, 1]	1396	1	18	S
3713.3669	[0, 0, 1, 0, 0]	1396	1	18	S
3713.4931	[0, 1, 1, 0, 0]	1396	1	18	S
3713.5637	[0, 1, 0, 0, 1]	1396	1	18	S
3713.6844	[0, 1, 0, 0, 1]	1396	1	18	S
3713.7549	[1, 0, 0, 1, 0]	1396	1	18	S
3713.8569	[0, 1, 0, 0, 1]	1396	1	18	S
3713.9828	[0, 0, 1, 0, 1]	1396	1	18	S
3714.0620	[1, 0, 0, 0, 1]	1396	1	18	S
3714.1754	[0, 1, 0, 1, 1]	1396	1	18	S
3714.2684	[0, 1, 1, 0, 0]	1396	1	18	S
3714.4072	[0, 0, 1, 0, 0]	1396	1	18	S
3714.4589	[1, 0, 0, 0, 0]	1396	1	18	S
3714.5760	[0, 1, 0, 0, 1]	1396	1	18	S
3714.6659	[0, 0, 1, 0, 1]	1396	1	18	S
3714.7598	[0, 0, 0, 1, 0]	1396	1	18	S
3714.8818	[0, 1, 0, 0, 0]	1396	1	18	S
3714.9623	[0, 1, 0, 0, 0]	1396	1	18	S
3715.0748	[0, 0, 1, 0, 1]	1396	1	18	S
3715.1859	[0, 1, 0, 1, 0]	1396	1	18	S
3715.2616	[1, 0, 0, 0, 1]	1396	1	18	S
3715.3792	[1, 0, 1, 0, 0]	1396	1	18	S
3715.4715	[0, 1, 0, 0, 0]	1396	1	18	S
3715.5767	[0, 1, 1, 0, 0]	1396	1	18	S
3715.6895	[1, 0, 0, 1, 1]	1396	1	18	S
3715.7548	[1, 0, 0, 0, 0]	1396	1	18	S
3715.8847	[1, 0, 1, 0, 0]	1396	1	18	S
3715.9604	[0, 1, 0, 1, 1]	1396	1	18	S
3716.0872	[0, 0, 0, 1, 0]	1396	1	18	S
3716.1728	[0, 1, 0, 0, 1]	1396	1	18	S
3716.2643	[0, 1, 0, 1, 1]	1396	1	18	S
3716.3606	[0, 1, 0, 1, 1]	1396	1	18	S
3716.4772	[0, 1, 0, 1, 0]	1396	1	18	S
3716.5547	[0, 0, 1, 0, 0]	1396	1	18	S
3716.6807	[0, 0, 1, 0, 0]	1396	1	18	S
3716.7726	[1, 0, 1, 0, 0]	1396	1	18	S
3716.8722	[0, 1, 0, 1, 1]	1396	1	18	S
3716.9687	[1, 0, 0, 1, 0]	1396	1	18	S
3717.0775	[0, 1, 0, 0, 0]	1396	1	18	S
3717.1545	[0, 0, 0, 0, 0]	1396	1	18	S
3717.2825	[0, 1, 0, 0, 1]	1396	1	18	S
3717.3618	[0, 1, 1, 0, 0]	1396	1	18	S
3717.4806	[1, 0, 0, 1, 1]	1396	1	18	S
3717.5580	[0, 1, 0, 0, 0]	1396	1	18	S
3717.6609	[1, 0, 1, 0, 0]	1396	1	18	O
3717.7762	[0, 0, 1, 0, 1]	1396	1	18	O
3717.8680	[0, 1, 1, 0, 1]	1396	1	18	O
3717.9611	[0, 0, 1, 0, 0]	1396	1	18	O
3718.0733	[0, 0, 0, 1, 0]	1396	1	18	O
3718.1656	[0, 1, 0, 1, 1]	1396	1	18	O
3718.2745	[1, 0, 0, 1, 0]	1396	1	18	O
3718.3619	[0, 0, 1, 0, 0]	1396	1	18	O
3718.4648	[1, 0, 0, 0, 0]	1396	1	18	O
3718.5749	[1, 0, 0, 0, 1]	1396	1	18	O
3718.6657	[0, 1, 0, 0, 1]	1396	1	18	O
3718.7810	[1, 0, 0, 0, 1]	1396	1	18	O
3718.8662	[0, 1, 1, 0, 1]	1396	1	18	O
3718.9821	[0, 0, 0, 1, 0]	1396	1	18	O
3719.0735	[1, 0, 1, 0, 1]	1396	1	18	O
3719.1560	[0, 0, 0, 1, 0]	1396	1	18	O
3719.2818	[1, 0, 0, 1, 0]	1396	1	18	O
3719.3729	[0, 1, 1, 0, 0]	1396	1	18	O
3719.4746	[0, 1, 1, 0, 0]	1396	1	18	O
3719.5718	[0, 1, 0, 1, 0]	1396	1	18	O
3719.6770	[1, 0, 0, 1, 0]	1396	1	18	O
3719.7623	[0, 0, 0, 1, 0]	1396	1	18	O
3719.8642	[0, 0, 1, 0, 0]	1396	1	18	O
3719.9777	[0, 1, 0, 1, 1]	1396	1	18	O
3720.0638	[0, 1, 1, 0, 0]	1396	1	18	O
3720.1765	[1, 0, 1, 0, 1]	1396	1	18	O
3720.2740	[0, 1, 1, 0, 1]	1396	1	18	O
3720.3752	[0, 0, 1, 0, 1]	1396	1	18	O
3720.4823	[1, 0, 1, 0, 1]	1396	1	18	S
3720.5641	[0, 0, 0, 0, 0]	1396	1	18	S
3720.6953	[0, 0, 0, 1, 0]	1396	1	18	S
3720.7753	[0, 1, 1, 0, 0]	1396	1	18	S
3720.9309	[0, 1, 0, 0, 1]	1396	1	18	S
3720.9751	[0, 1, 0, 0, 1]	1396	1	18	S
3721.0850	[1, 0, 1, 0, 1]	1396	1	18	S
3721.1628	[1, 0, 0, 0, 1]	1396	1	18	S
3721.2565	[0, 1, 0, 0, 1]	1396	1	18	S
3721.3798	[0, 0, 1, 0, 0]	1396	1	18	S
3721.4688	[0, 1, 0, 1, 1]	1396	1	18	S
3721.5747	[0, 0, 0, 0, 0]	1396	1	18	S
3721.6673	[0, 1, 1, 0, 1]	1396	1	18	S
3721.7765	[0, 0, 0, 0, 0]	1396	1	18	S
3721.8648	[0, 0, 0, 0, 1]	1396	1	18	S
3721.9539	[0, 1, 1, 0, 0]	1396	1	18	S
3722.0907	[0, 0, 0, 0, 1]	1396	1	18	S
3722.1796	[1, 0, 0, 1, 1]	1396	1	18	S
3722.2609	[0, 0, 1, 0, 0]	1396	1	18	S
3722.3847	[1, 0, 0, 0, 0]	1396	1	18	S
3722.4662	[1, 0, 0, 0, 0]	1396	1	18	I
3722.5864	[1, 0, 1, 0, 1]	1396	1	18	I
3722.6872	[0, 0, 1, 0, 0]	1396	1	18	I
3722.7539	[0, 0, 0, 0, 1]	1396	1	18	I
3722.8795	[0, 0, 0, 1, 0]	1396	1	18	I
3722.9690	[0, 0, 0, 0, 0]	1396	1	18	I
3723.0749	[0, 1, 1, 0, 1]	1396	1	18	I
3723.1745	[0, 0, 0, 1, 0]	1396	1	18	I
3723.2713	[0, 1, 0, 0, 0]	1396	1	18	I
3723.3844	[0, 0, 0, 1, 0]	1396	1	18	I
3723.4602	[0, 0, 0, 1, 1]	1396	1	18	I
3723.5851	[0, 0, 1, 0, 1]	1396	1	18	I
3723.6845	[0, 1, 0, 1, 1]	1396	1	18	I
3723.7729	[0, 1, 1, 0, 1]	1396	1	18	I
3723.8789	[0, 0, 1, 0, 1]	1396	1	18	I
3723.9751	[0, 0, 0, 1, 0]	1396	1	18	I
3724.0622	[1, 0, 0, 0, 1]	1396	1	18	I
3724.1768	[0, 1, 1, 0, 1]	1396	1	18	L
3724.2653	[0, 0, 1, 0, 0]	1396	1	18	L
3724.3757	[0, 1, 0, 0, 1]	1396	1	18	L
3724.4727	[0, 0, 0, 1, 1]	1396	1	18	L
3724.5795	[0, 1, 0, 1, 1]	1396	1	18	L
3724.6683	[0, 0, 1, 0, 1]	1396	1	18	L
3724.7633	[0, 0, 0, 0, 1]	1396	1	18	L
3724.8749	[0, 0, 0, 0, 1]	1396	1	18	L
3724.9553	[0, 1, 1, 0, 1]	1396	1	18	L
3725.0752	[1, 0, 0, 0, 0]	1396	1	18	L
3725.1833	[1, 0, 0, 1, 1]	1396	1	18	S
3725.2665	[1, 0, 1, 0, 0]	1396	1	18	S
3725.3767	[0, 0, 0, 1, 0]	1396	1	18	S
3725.4995	[0, 1, 0, 0, 1]	1396	1	18	S
3725.5655	[0, 0, 0, 0, 0]	1396	1	18	S
3725.6622	[0, 1, 1, 0, 1]	1396	1	18	S
3725.7617	[0, 0, 1, 0, 0]	1396	1	18	S
3725.8725	[1, 0, 0, 1, 1]	1396	1	18	S
3725.9798	[0, 0, 0, 0, 0]	1396	1	18	S
3726.0746	[0, 1, 0, 0, 0]	1396	1	18	S
3726.1742	[1, 0, 1, 0, 1]	1396	1	18	S
3726.2608	[0, 1, 0, 1, 0]	1396	1	18	S
3726.3834	[0, 1, 1, 0, 0]	1396	1	18	S
3726.4610	[0, 1, 1, 0, 1]	1396	1	18	S
3726.5626	[1, 0, 1, 0, 1]	1396	1	18	S
3726.6912	[0, 1, 1, 0, 1]	1396	1	18	S
3726.7781	[0, 0, 1, 0, 1]	1396	1	18	S
3726.8743	[0, 0, 0, 1, 1]	1396	1	18	Z
3726.9659	[0, 1, 0, 1, 0]	1396	1	18	Z
3727.0814	[0, 0, 0, 0, 1]	1396	1	18	Z
3727.1640	[1, 0, 0, 0, 0]	1396	1	18	Z
3727.2883	[0, 0, 0, 0, 0]	1396	1	18	Z
3727.3797	[0, 1, 1, 0, 0]	1396	1	18	Z
3727.4655	[1, 0, 0, 1, 0]	1396	1	18	Z
3727.5767	[1, 0, 0, 0, 1]	1396	1	18	Z
3727.6821	[0, 1, 0, 0, 1]	1396	1	18	Z
3727.7623	[0, 1, 0, 0, 0]	1396	1	18	Z
3727.8782	[1, 0, 1, 0, 1]	1396	1	18	Z
3727.9618	[0, 0, 0, 1, 1]	1396	1	18	Z
3728.0655	[0, 1, 0, 0, 0]	1396	1	18	Z
3728.1845	[1, 0, 0, 0, 1]	1396	1	18	Z
3728.2680	[0, 1, 1, 0, 0]	1396	1	18	Z
3728.3873	[1, 0, 1, 0, 0]	1396	1	18	Z
3728.4765	[1, 0, 0, 0, 1]	1396	1	18	Z
3728.5729	[1, 0, 0, 0, 0]	1396	1	18	Z
3728.6625	[0, 1, 0, 0, 1]	1396	1	18	Z
3728.7655	[1, 0, 0, 1, 1]	1396	1	18	Z
3728.8931	[0, 0, 0, 1, 0]	1396	1	18	Z
3728.9657	[0, 1, 0, 0, 0]	1396	1	18	Z
3729.0784	[1, 0, 0, 1, 0]	1396	1	18	Z
3729.1811	[0, 1, 0, 0, 1]	1396	1	18	Z
3729.2691	[0, 0, 0, 0, 1]	1396	1	18	Z
3729.3836	[0, 0, 0, 0, 0]	1396	1	18	Z
3729.4623	[1, 0, 1, 0, 0]	1396	1	18	Z
3729.5617	[0, 0, 0, 0, 1]	1396	1	18	Z
3729.6741	[0, 0, 0, 1, 0]	1396	1	18	Z
3729.7769	[0, 0, 1, 0, 0]	1396	1	18	Z
3729.8913	[0, 0, 1, 0, 1]	1396	1	18	Z
